#MA5 EffMap for txName: T6WW , Analysis: cms_sus_13_012 , SR: 3NJet6_1000HT1250_200MHT300
1035    70   0.0127947
1035    105   0.0139536
1035    140   0.0125901
1035    175   0.0131052
1035    210   0.0122241
1035    245   0.0106795
1035    280   0.0116276
1035    315   0.0111634
1035    350   0.0105159
1035    385   0.0113467
1035    420   0.0108270
1035    455   0.0107314
1035    490   0.0112019
1035    525   0.0101108
1035    560   0.0100696
1035    595   0.0094207
1035    630   0.0081747
1035    665   0.0071237
1035    700   0.0054818
1035    35   0.0113807
1035    735   0.0039964
1035    770   0.0027281
1080    70   0.0110669
1080    105   0.0108028
1080    140   0.0109907
1080    175   0.0112998
1080    210   0.0107239
1080    245   0.0109638
1080    280   0.0115474
1080    315   0.0101236
1080    350   0.0100529
1080    385   0.0111284
1080    420   0.0111153
1080    455   0.0110120
1080    490   0.0107618
1080    525   0.0102180
1080    560   0.0101786
1080    595   0.0099390
1080    630   0.0089457
1080    665   0.0088069
1080    700   0.0067965
1080    35   0.0090377
1080    735   0.0070440
1080    770   0.0041682
1125    70   0.0099832
1125    105   0.0097997
1125    140   0.0100597
1125    175   0.0098613
1125    210   0.0098770
1125    245   0.0094840
1125    280   0.0102012
1125    315   0.0097693
1125    350   0.0098536
1125    385   0.0105657
1125    420   0.0096141
1125    455   0.0091537
1125    490   0.0108098
1125    525   0.0111463
1125    560   0.0103867
1125    595   0.0096234
1125    630   0.0101497
1125    665   0.0097248
1125    700   0.0088294
1125    35   0.0068504
1125    735   0.0074418
1125    770   0.0071815
1170    70   0.0082828
1170    105   0.0070931
1170    140   0.0080573
1170    175   0.0088365
1170    210   0.0093150
1170    245   0.0090825
1170    280   0.0097924
1170    315   0.0096649
1170    350   0.0094619
1170    385   0.0093727
1170    420   0.0092161
1170    455   0.0097023
1170    490   0.0102887
1170    525   0.0099589
1170    560   0.0102673
1170    595   0.0103253
1170    630   0.0101631
1170    665   0.0097261
1170    700   0.0103434
1170    35   0.0054206
1170    735   0.0095235
1170    770   0.0088024
135    70   0.0000000
135    35   0.0000599
180    70   0.0000189
180    105   0.0000381
180    35   0.0000382
225    70   0.0002152
225    105   0.0001349
225    140   0.0000276
225    175   0.0000270
225    35   0.0001078
270    70   0.0005863
270    105   0.0002923
270    140   0.0003925
270    175   0.0000650
270    210   0.0000000
270    35   0.0004868
315    70   0.0012093
315    105   0.0006410
315    140   0.0005782
315    175   0.0004190
315    210   0.0001571
315    245   0.0001037
315    35   0.0011433
360    70   0.0022405
360    105   0.0011499
360    140   0.0009683
360    175   0.0008328
360    210   0.0005522
360    245   0.0002786
360    280   0.0000461
360    315   0.0000454
360    35   0.0016917
405    70   0.0031631
405    105   0.0028796
405    140   0.0021643
405    175   0.0016859
405    210   0.0011579
405    245   0.0009811
405    280   0.0002052
405    315   0.0000417
405    350   0.0001222
405    35   0.0030897
450    70   0.0055943
450    105   0.0041534
450    140   0.0032387
450    175   0.0029472
450    210   0.0017577
450    245   0.0011976
450    280   0.0008984
450    315   0.0001279
450    350   0.0002113
450    385   0.0000425
450    35   0.0061713
495    70   0.0089795
495    105   0.0063119
495    140   0.0058750
495    175   0.0045630
495    210   0.0035878
495    245   0.0021998
495    280   0.0012024
495    315   0.0015151
495    350   0.0004817
495    385   0.0002853
495    420   0.0001440
495    35   0.0090021
540    70   0.0113599
540    105   0.0086693
540    140   0.0078659
540    175   0.0065793
540    210   0.0050688
540    245   0.0035996
540    280   0.0030588
540    315   0.0013534
540    350   0.0007486
540    385   0.0006025
540    420   0.0001396
540    455   0.0002781
540    490   0.0002340
540    35   0.0119985
585    70   0.0128986
585    105   0.0116771
585    140   0.0086904
585    175   0.0083916
585    210   0.0072466
585    245   0.0051792
585    280   0.0046802
585    315   0.0030861
585    350   0.0018231
585    385   0.0011355
585    420   0.0006769
585    455   0.0003375
585    490   0.0001143
585    525   0.0001898
585    35   0.0167194
630    70   0.0167395
630    105   0.0129371
630    140   0.0114502
630    175   0.0091274
630    210   0.0092762
630    245   0.0072372
630    280   0.0058207
630    315   0.0050951
630    350   0.0037115
630    385   0.0024437
630    420   0.0014681
630    455   0.0008873
630    490   0.0004411
630    525   0.0001110
630    560   0.0000735
630    35   0.0220796
675    70   0.0197199
675    105   0.0148612
675    140   0.0142805
675    175   0.0110682
675    210   0.0099036
675    245   0.0078880
675    280   0.0079297
675    315   0.0070509
675    350   0.0059664
675    385   0.0043834
675    420   0.0027426
675    455   0.0014858
675    490   0.0009126
675    525   0.0004919
675    560   0.0003384
675    595   0.0001566
675    630   0.0000785
675    35   0.0252656
720    70   0.0211541
720    105   0.0174268
720    140   0.0139100
720    175   0.0125023
720    210   0.0105380
720    245   0.0104266
720    280   0.0094966
720    315   0.0078595
720    350   0.0064054
720    385   0.0060766
720    420   0.0045596
720    455   0.0029385
720    490   0.0019119
720    525   0.0011412
720    560   0.0004629
720    595   0.0001846
720    630   0.0000694
720    665   0.0000929
720    35   0.0263372
765    70   0.0226093
765    105   0.0187846
765    140   0.0160502
765    175   0.0126746
765    210   0.0114101
765    245   0.0106431
765    280   0.0101666
765    315   0.0111584
765    350   0.0093824
765    385   0.0077365
765    420   0.0064011
765    455   0.0060544
765    490   0.0037265
765    525   0.0024247
765    560   0.0016248
765    595   0.0006262
765    630   0.0002230
765    665   0.0001317
765    700   0.0003131
765    35   0.0255911
810    70   0.0229691
810    105   0.0169079
810    140   0.0159941
810    175   0.0140402
810    210   0.0131040
810    245   0.0099402
810    280   0.0107948
810    315   0.0097499
810    350   0.0101495
810    385   0.0089549
810    420   0.0076311
810    455   0.0066461
810    490   0.0051910
810    525   0.0043979
810    560   0.0028192
810    595   0.0015404
810    630   0.0008125
810    665   0.0004821
810    700   0.0001110
810    35   0.0243338
810    735   0.0001835
855    70   0.0209497
855    105   0.0183943
855    140   0.0164949
855    175   0.0134149
855    210   0.0131609
855    245   0.0129605
855    280   0.0121455
855    315   0.0102878
855    350   0.0096453
855    385   0.0090409
855    420   0.0095815
855    455   0.0085770
855    490   0.0068762
855    525   0.0059322
855    560   0.0042086
855    595   0.0031545
855    630   0.0016373
855    665   0.0007026
855    700   0.0005741
855    35   0.0223026
855    735   0.0002014
855    770   0.0001518
900    70   0.0189377
900    105   0.0173570
900    140   0.0160823
900    175   0.0145254
900    210   0.0130432
900    245   0.0123583
900    280   0.0114266
900    315   0.0113260
900    350   0.0113690
900    385   0.0106032
900    420   0.0102687
900    455   0.0093992
900    490   0.0083649
900    525   0.0075575
900    560   0.0069264
900    595   0.0054967
900    630   0.0034788
900    665   0.0019443
900    700   0.0011299
900    35   0.0186765
900    735   0.0004286
900    770   0.0002180
90    35   0.0000000
945    70   0.0183364
945    105   0.0162513
945    140   0.0152420
945    175   0.0142747
945    210   0.0124528
945    245   0.0121703
945    280   0.0116409
945    315   0.0121527
945    350   0.0112562
945    385   0.0110031
945    420   0.0094255
945    455   0.0101017
945    490   0.0088617
945    525   0.0093499
945    560   0.0080608
945    595   0.0063573
945    630   0.0051040
945    665   0.0035242
945    700   0.0022119
945    35   0.0150765
945    735   0.0009452
945    770   0.0008475
990    70   0.0150879
990    105   0.0151306
990    140   0.0144686
990    175   0.0139023
990    210   0.0135050
990    245   0.0115969
990    280   0.0106793
990    315   0.0131335
990    350   0.0124564
990    385   0.0114272
990    420   0.0114897
990    455   0.0108958
990    490   0.0097129
990    525   0.0093716
990    560   0.0093160
990    595   0.0095200
990    630   0.0070889
990    665   0.0057293
990    700   0.0033291
990    35   0.0132111
990    735   0.0024098
990    770   0.0015440
