#MA5 EffMap for txName: T6bbWW , Analysis: cms_sus_13_012 , SR: 3NJet6_1250HT1500_300MHT450
100.0    1   0.0000000
100.0    40.0   0.0000000
100.0    80.0   0.0000000
1000.0    1   0.0092186
1000.0    40.0   0.0085644
1000.0    80.0   0.0088851
1000.0    120.0   0.0087628
1000.0    160.0   0.0077082
1000.0    200.0   0.0081255
1000.0    240.0   0.0081548
1000.0    280.0   0.0072435
1000.0    320.0   0.0067235
1000.0    360.0   0.0061112
1000.0    400.0   0.0062570
1000.0    440.0   0.0057062
1000.0    480.0   0.0039130
1000.0    520.0   0.0045339
1000.0    560.0   0.0031319
1000.0    600.0   0.0021570
1000.0    640.0   0.0019591
1000.0    680.0   0.0010569
150.0    1   0.0000000
150.0    40.0   0.0000000
150.0    80.0   0.0000140
150.0    120.0   0.0000000
200.0    1   0.0000303
200.0    40.0   0.0000606
200.0    80.0   0.0000151
200.0    120.0   0.0000151
200.0    160.0   0.0000000
250.0    1   0.0000321
250.0    40.0   0.0000641
250.0    80.0   0.0000803
250.0    120.0   0.0000643
250.0    160.0   0.0000000
250.0    200.0   0.0000161
250.0    240.0   0.0000000
300.0    1   0.0000504
300.0    40.0   0.0002176
300.0    80.0   0.0001008
300.0    160.0   0.0000505
300.0    200.0   0.0000336
300.0    240.0   0.0000505
300.0    280.0   0.0000000
350.0    1   0.0002086
350.0    40.0   0.0002272
350.0    80.0   0.0002079
350.0    120.0   0.0001911
350.0    160.0   0.0001219
350.0    200.0   0.0000697
350.0    240.0   0.0000521
350.0    280.0   0.0000000
350.0    320.0   0.0000179
400.0    1   0.0004998
400.0    40.0   0.0004439
400.0    80.0   0.0002502
400.0    120.0   0.0002860
400.0    160.0   0.0002140
400.0    200.0   0.0001606
400.0    240.0   0.0000537
400.0    280.0   0.0000713
400.0    320.0   0.0000536
400.0    360.0   0.0000541
450.0    1   0.0009479
450.0    40.0   0.0006927
450.0    80.0   0.0009487
450.0    120.0   0.0005861
450.0    160.0   0.0004022
450.0    200.0   0.0002201
450.0    240.0   0.0002368
450.0    280.0   0.0002191
450.0    320.0   0.0000917
450.0    360.0   0.0000182
450.0    400.0   0.0000000
450.0    440.0   0.0000282
50.0    40.0   0.0000000
500.0    1   0.0013334
500.0    40.0   0.0012181
500.0    80.0   0.0011351
500.0    120.0   0.0008559
500.0    160.0   0.0008923
500.0    200.0   0.0005410
500.0    240.0   0.0002787
500.0    280.0   0.0002406
500.0    320.0   0.0001672
500.0    360.0   0.0000746
500.0    400.0   0.0000555
500.0    440.0   0.0000557
500.0    480.0   0.0000201
550.0    1   0.0022697
550.0    40.0   0.0020100
550.0    80.0   0.0022508
550.0    120.0   0.0021203
550.0    160.0   0.0010331
550.0    200.0   0.0009742
550.0    240.0   0.0004684
550.0    280.0   0.0005633
550.0    320.0   0.0002636
550.0    360.0   0.0001126
550.0    440.0   0.0000563
550.0    480.0   0.0000000
550.0    520.0   0.0000387
600.0    1   0.0027096
600.0    40.0   0.0028302
600.0    80.0   0.0026658
600.0    120.0   0.0018696
600.0    160.0   0.0020641
600.0    200.0   0.0016698
600.0    240.0   0.0011568
600.0    280.0   0.0009125
600.0    320.0   0.0006466
600.0    360.0   0.0003413
600.0    400.0   0.0003793
600.0    440.0   0.0001143
600.0    480.0   0.0000759
600.0    520.0   0.0000381
600.0    560.0   0.0000578
650.0    1   0.0035957
650.0    40.0   0.0038475
650.0    80.0   0.0036830
650.0    120.0   0.0033990
650.0    160.0   0.0024842
650.0    200.0   0.0022665
650.0    240.0   0.0016916
650.0    280.0   0.0014957
650.0    320.0   0.0013636
650.0    360.0   0.0007628
650.0    400.0   0.0004194
650.0    440.0   0.0002296
650.0    480.0   0.0002100
650.0    520.0   0.0000574
650.0    560.0   0.0000576
650.0    600.0   0.0000578
650.0    640.0   0.0000297
700.0    1   0.0044314
700.0    40.0   0.0047099
700.0    80.0   0.0046209
700.0    120.0   0.0038862
700.0    160.0   0.0037513
700.0    200.0   0.0034742
700.0    240.0   0.0027231
700.0    280.0   0.0025806
700.0    320.0   0.0017478
700.0    360.0   0.0011573
700.0    400.0   0.0006358
700.0    440.0   0.0004629
700.0    480.0   0.0001739
700.0    520.0   0.0000962
700.0    560.0   0.0000000
700.0    600.0   0.0001154
700.0    640.0   0.0000193
700.0    680.0   0.0001249
750.0    1   0.0049075
750.0    40.0   0.0051324
750.0    80.0   0.0050534
750.0    120.0   0.0056500
750.0    160.0   0.0046959
750.0    200.0   0.0041467
750.0    240.0   0.0033461
750.0    280.0   0.0035301
750.0    320.0   0.0028336
750.0    360.0   0.0017734
750.0    400.0   0.0013297
750.0    440.0   0.0009835
750.0    480.0   0.0006590
750.0    520.0   0.0002714
750.0    560.0   0.0002733
750.0    600.0   0.0001733
750.0    640.0   0.0000194
750.0    680.0   0.0000386
800.0    1   0.0064594
800.0    40.0   0.0062300
800.0    80.0   0.0060523
800.0    120.0   0.0057599
800.0    160.0   0.0051766
800.0    200.0   0.0054792
800.0    240.0   0.0043472
800.0    280.0   0.0039810
800.0    320.0   0.0033903
800.0    360.0   0.0030676
800.0    400.0   0.0024946
800.0    440.0   0.0014779
800.0    480.0   0.0012469
800.0    520.0   0.0007753
800.0    560.0   0.0006024
800.0    600.0   0.0001752
800.0    640.0   0.0001950
800.0    680.0   0.0000389
850.0    1   0.0066924
850.0    40.0   0.0068388
850.0    80.0   0.0071584
850.0    120.0   0.0065177
850.0    160.0   0.0064055
850.0    200.0   0.0059387
850.0    240.0   0.0057406
850.0    280.0   0.0049955
850.0    320.0   0.0043533
850.0    360.0   0.0038208
850.0    400.0   0.0031650
850.0    440.0   0.0025459
850.0    480.0   0.0017733
850.0    520.0   0.0013039
850.0    560.0   0.0006983
850.0    600.0   0.0003280
850.0    640.0   0.0002741
850.0    680.0   0.0000779
900.0    1   0.0081895
900.0    40.0   0.0071096
900.0    80.0   0.0078734
900.0    120.0   0.0073947
900.0    160.0   0.0070212
900.0    200.0   0.0064204
900.0    240.0   0.0061424
900.0    280.0   0.0063092
900.0    320.0   0.0057076
900.0    360.0   0.0055196
900.0    400.0   0.0045658
900.0    440.0   0.0035602
900.0    480.0   0.0033610
900.0    520.0   0.0017919
900.0    560.0   0.0011708
900.0    600.0   0.0006827
900.0    640.0   0.0004864
900.0    680.0   0.0002541
950.0    1   0.0076720
950.0    40.0   0.0084272
950.0    80.0   0.0079051
950.0    120.0   0.0082002
950.0    160.0   0.0078008
950.0    200.0   0.0077171
950.0    240.0   0.0069232
950.0    280.0   0.0065720
950.0    320.0   0.0060878
950.0    360.0   0.0058084
950.0    400.0   0.0046088
950.0    440.0   0.0048767
950.0    480.0   0.0033420
950.0    520.0   0.0028102
950.0    560.0   0.0024995
950.0    600.0   0.0013873
950.0    640.0   0.0009174
950.0    680.0   0.0007428
