# MassX , MassY , Eff*Acc  
150.0 350.0 0.00041328
100.0 400.0 0.0010024
150.0 400.0 0.0008436
200.0 400.0 0.00056277
150.0 450.0 0.0014994
200.0 450.0 0.00109304
250.0 450.0 0.00078496
150.0 500.0 0.0022242
200.0 500.0 0.0019175
250.0 500.0 0.00128736
300.0 500.0 0.00091476
250.0 550.0 0.00242487
300.0 550.0 0.00168961
350.0 550.0 0.00103128
200.0 600.0 0.00426048
350.0 600.0 0.0019155
400.0 600.0 0.00127582
400.0 650.0 0.00209456
450.0 650.0 0.0015213
500.0 700.0 0.00199547
550.0 800.0 0.00227808
600.0 800.0 0.00220264
600.0 850.0 0.00306624
