# MassX , MassY , Eff*Acc  
1.0 1000.0 0.0282947
100.0 1000.0 0.0276963
150.0 1000.0 0.0278648
200.0 1000.0 0.0267813
250.0 1000.0 0.02765013
300.0 1000.0 0.02429904
350.0 1000.0 0.0226678
400.0 1000.0 0.0198495
450.0 1000.0 0.01688399
500.0 1000.0 0.01492425
550.0 1000.0 0.00962624
600.0 1000.0 0.00619164
1.0 1050.0 0.0291403
100.0 1050.0 0.026946
150.0 1050.0 0.02616893
200.0 1050.0 0.0275806
250.0 1050.0 0.02526624
300.0 1050.0 0.02798456
350.0 1050.0 0.02552748
400.0 1050.0 0.02180344
450.0 1050.0 0.02190672
50.0 1050.0 0.03010554
500.0 1050.0 0.02137104
550.0 1050.0 0.01411038
1.0 1100.0 0.0270108
150.0 1100.0 0.0284949
250.0 1100.0 0.02876087
300.0 1100.0 0.02978052
350.0 1100.0 0.0290265
400.0 1100.0 0.02671596
450.0 1100.0 0.02723628
500.0 1100.0 0.02519538
550.0 1100.0 0.0203519
400.0 1150.0 0.02805692
450.0 1150.0 0.02822882
500.0 1150.0 0.02246882
550.0 1150.0 0.02384936
450.0 1200.0 0.02887192
500.0 1200.0 0.02761606
550.0 1200.0 0.02525735
1.0 700.0 0.01094496
100.0 700.0 0.0093717
200.0 700.0 0.00546511
50.0 700.0 0.01001889
1.0 750.0 0.0144576
100.0 750.0 0.01456752
150.0 750.0 0.0110514
200.0 750.0 0.01020477
250.0 750.0 0.00770095
50.0 750.0 0.0130284
1.0 800.0 0.01834924
100.0 800.0 0.0173439
150.0 800.0 0.01624812
200.0 800.0 0.0154206
250.0 800.0 0.01171272
300.0 800.0 0.0095232
350.0 800.0 0.00574096
50.0 800.0 0.01651373
1.0 850.0 0.0240454
100.0 850.0 0.0218964
150.0 850.0 0.0202391
200.0 850.0 0.01955898
250.0 850.0 0.01766455
300.0 850.0 0.01443888
350.0 850.0 0.01111008
400.0 850.0 0.0074906
450.0 850.0 0.00349959
50.0 850.0 0.02155836
1.0 900.0 0.02446731
100.0 900.0 0.02288195
150.0 900.0 0.02371908
200.0 900.0 0.0188958
250.0 900.0 0.02061648
300.0 900.0 0.01827438
350.0 900.0 0.01414042
400.0 900.0 0.01256553
450.0 900.0 0.0084607
50.0 900.0 0.0248799
500.0 900.0 0.00254325
550.0 900.0 0.0016446
1.0 950.0 0.0260074
100.0 950.0 0.02485136
150.0 950.0 0.02448222
200.0 950.0 0.0239493
250.0 950.0 0.02266846
300.0 950.0 0.0205416
350.0 950.0 0.01880832
400.0 950.0 0.01656144
450.0 950.0 0.01214158
50.0 950.0 0.027768
500.0 950.0 0.00803055
550.0 950.0 0.0048904
600.0 950.0 0.00284112
