#MA5 EffMap for txName: T2 , Analysis: cms_sus_13_012 , SR: 3NJet6_500HT800_600MHTinf
1000   120   0.0152027
1000   160   0.0158433
1000   1   0.0146085
1000   200   0.0161380
1000   240   0.0166704
1000   280   0.0171826
1000   320   0.0190525
1000   360   0.0203675
1000   400   0.0213592
1000   40   0.0139378
1000   440   0.0233396
1000   480   0.0238393
1000   520   0.0242851
1000   560   0.0228892
1000   600   0.0194121
1000   640   0.0143837
1000   680   0.0091487
1000   720   0.0060780
1000   760   0.0038846
1000   800   0.0024958
1000   80   0.0148420
1000   840   0.0021497
1000   880   0.0015712
1000   920   0.0014452
1000   960   0.0014127
1000   980   0.0015801
1000   995   0.0017042
100   1   0.0000000
100   40   0.0000062
100   80   0.0000063
100   95   0.0000125
1050   1000   0.0016245
1050   1030   0.0015437
1050   1045   0.0014675
1050   120   0.0128586
1050   160   0.0143238
1050   1   0.0125997
1050   200   0.0141148
1050   240   0.0146987
1050   280   0.0157665
1050   320   0.0174124
1050   360   0.0169991
1050   400   0.0196167
1050   40   0.0127058
1050   440   0.0204182
1050   480   0.0217945
1050   520   0.0233482
1050   560   0.0236733
1050   600   0.0228042
1050   640   0.0210588
1050   680   0.0170449
1050   720   0.0108864
1050   760   0.0069225
1050   800   0.0043533
1050   80   0.0132697
1050   840   0.0028371
1050   880   0.0024237
1050   920   0.0016993
1050   960   0.0018615
1100   1000   0.0016971
1100   1040   0.0016361
1100   1080   0.0015752
1100   1095   0.0015208
1100   120   0.0117613
1100   160   0.0116783
1100   1   0.0108586
1100   200   0.0116576
1100   240   0.0127519
1100   280   0.0134599
1100   320   0.0141471
1100   360   0.0153390
1100   400   0.0167278
1100   40   0.0109683
1100   440   0.0174314
1100   480   0.0193393
1100   520   0.0213520
1100   560   0.0225584
1100   600   0.0246834
1100   640   0.0242747
1100   680   0.0230058
1100   720   0.0180617
1100   760   0.0127573
1100   800   0.0080199
1100   80   0.0112199
1100   840   0.0051233
1100   880   0.0031392
1100   920   0.0025045
1100   960   0.0020806
1150   1000   0.0019962
1150   1040   0.0016829
1150   1080   0.0017905
1150   1120   0.0013675
1150   1130   0.0014974
1150   1145   0.0013861
1150   120   0.0100481
1150   160   0.0107783
1150   1   0.0095725
1150   200   0.0114025
1150   240   0.0109283
1150   280   0.0117966
1150   320   0.0123491
1150   360   0.0138570
1150   400   0.0145624
1150   40   0.0111469
1150   440   0.0162086
1150   480   0.0174276
1150   520   0.0180126
1150   560   0.0201611
1150   600   0.0225983
1150   640   0.0240788
1150   680   0.0242007
1150   720   0.0237036
1150   760   0.0200695
1150   800   0.0151353
1150   80   0.0092477
1150   840   0.0097342
1150   880   0.0059959
1150   920   0.0035142
1150   960   0.0025910
150   120   0.0000000
150   130   0.0000163
150   145   0.0000163
150   1   0.0000000
150   40   0.0000000
150   80   0.0000164
200   120   0.0000000
200   160   0.0000357
200   180   0.0000596
200   195   0.0001077
200   1   0.0000000
200   40   0.0000000
200   80   0.0000000
250   120   0.0000000
250   160   0.0000540
250   1   0.0000361
250   200   0.0000540
250   230   0.0000899
250   240   0.0001613
250   245   0.0001984
250   40   0.0000717
250   80   0.0000538
300   120   0.0000803
300   160   0.0000603
300   1   0.0001809
300   200   0.0000811
300   240   0.0000406
300   280   0.0001217
300   295   0.0002805
300   40   0.0001005
300   80   0.0000605
350   120   0.0001575
350   160   0.0001250
350   1   0.0003610
350   200   0.0000943
350   240   0.0000627
350   280   0.0001411
350   320   0.0001260
350   330   0.0003120
350   345   0.0003911
350   40   0.0003911
350   80   0.0002039
400   120   0.0006255
400   160   0.0004775
400   1   0.0008071
400   200   0.0003946
400   240   0.0002908
400   280   0.0002389
400   320   0.0001666
400   360   0.0001562
400   380   0.0003119
400   395   0.0004963
400   40   0.0008550
400   80   0.0008454
450   120   0.0013548
450   160   0.0011638
450   1   0.0020128
450   200   0.0007223
450   240   0.0005537
450   280   0.0003866
450   320   0.0003103
450   360   0.0001697
450   400   0.0003083
450   40   0.0018339
450   430   0.0004140
450   440   0.0006014
450   445   0.0006373
450   80   0.0018088
500   120   0.0028136
500   160   0.0023253
500   1   0.0039299
500   200   0.0014728
500   240   0.0012934
500   280   0.0008697
500   320   0.0005094
500   360   0.0004027
500   400   0.0003096
500   40   0.0042339
500   440   0.0004685
500   480   0.0005081
500   495   0.0005679
500   80   0.0035192
50   1   0.0000000
50   30   0.0000000
50   40   0.0000000
50   45   0.0000000
550   120   0.0059157
550   160   0.0047315
550   1   0.0079254
550   200   0.0039026
550   240   0.0024789
550   280   0.0016314
550   320   0.0011165
550   360   0.0007844
550   400   0.0004806
550   40   0.0075721
550   440   0.0006078
550   480   0.0004226
550   520   0.0005387
550   530   0.0005526
550   545   0.0008797
550   80   0.0072268
600   120   0.0115043
600   160   0.0090346
600   1   0.0136239
600   200   0.0078312
600   240   0.0058360
600   280   0.0034698
600   320   0.0026467
600   360   0.0019196
600   400   0.0013244
600   40   0.0134968
600   440   0.0007165
600   480   0.0006032
600   520   0.0006730
600   560   0.0008056
600   580   0.0007560
600   595   0.0008299
600   80   0.0120180
650   120   0.0180391
650   160   0.0160139
650   1   0.0202999
650   200   0.0142120
650   240   0.0104107
650   280   0.0070468
650   320   0.0046262
650   360   0.0033954
650   400   0.0022492
650   40   0.0190330
650   440   0.0012753
650   480   0.0010431
650   520   0.0006977
650   560   0.0007681
650   600   0.0008695
650   630   0.0008555
650   640   0.0010652
650   645   0.0010532
650   80   0.0184371
700   120   0.0232087
700   160   0.0219416
700   1   0.0231020
700   200   0.0194024
700   240   0.0168631
700   280   0.0123692
700   320   0.0097681
700   360   0.0062725
700   400   0.0042792
700   40   0.0235027
700   440   0.0028436
700   480   0.0015843
700   520   0.0015363
700   560   0.0010123
700   600   0.0009224
700   640   0.0009304
700   680   0.0011500
700   695   0.0015575
700   80   0.0230639
750   120   0.0238600
750   160   0.0245824
750   1   0.0244559
750   200   0.0237674
750   240   0.0210060
750   280   0.0186283
750   320   0.0164016
750   360   0.0124286
750   400   0.0094417
750   40   0.0237898
750   440   0.0058172
750   480   0.0035268
750   520   0.0023060
750   560   0.0018946
750   600   0.0010212
750   640   0.0008722
750   680   0.0011524
750   720   0.0009580
750   730   0.0010831
750   745   0.0012963
750   80   0.0251841
850   120   0.0218211
850   160   0.0211782
850   1   0.0217227
850   200   0.0233661
850   240   0.0228290
850   280   0.0252363
850   320   0.0231738
850   360   0.0231746
850   400   0.0206474
850   40   0.0212670
850   440   0.0173623
850   480   0.0125748
850   520   0.0083764
850   560   0.0052127
850   600   0.0029865
850   640   0.0023624
850   680   0.0015850
850   720   0.0015183
850   760   0.0013284
850   800   0.0011682
850   80   0.0212831
850   830   0.0014093
850   840   0.0014821
850   845   0.0014514
900   1   0.0191044
900   240   0.0218759
900   280   0.0222781
900   320   0.0226552
900   360   0.0243975
900   400   0.0238189
900   440   0.0226356
900   480   0.0209604
900   520   0.0150292
900   560   0.0105659
950   120   0.0169380
950   160   0.0182419
950   1   0.0168204
950   200   0.0183507
950   240   0.0188253
950   280   0.0198831
950   320   0.0217692
950   360   0.0216952
950   400   0.0238419
950   40   0.0169620
950   440   0.0235059
950   480   0.0230678
950   520   0.0214482
950   560   0.0178492
950   600   0.0124879
950   640   0.0074500
950   680   0.0049233
950   720   0.0034474
950   760   0.0022199
950   800   0.0017166
950   80   0.0161702
950   840   0.0014015
950   880   0.0012948
950   920   0.0014656
950   930   0.0014545
950   945   0.0015228
