# MassX , MassY , Eff*Acc  
350.0 0.0 0.00148566
350.0 50.0 0.00137808
400.0 0.0 0.0030558
400.0 50.0 0.002629
400.0 100.0 0.00201113
450.0 0.0 0.00448592
450.0 50.0 0.00406029
450.0 100.0 0.00367068
450.0 150.0 0.00273702
500.0 0.0 0.00597248
500.0 50.0 0.0054339
500.0 100.0 0.00520668
500.0 150.0 0.0046246
500.0 175.0 0.00405162
550.0 0.0 0.00783838
550.0 50.0 0.007368
550.0 100.0 0.00681696
550.0 150.0 0.00632346
550.0 175.0 0.0056465
600.0 0.0 0.00868322
600.0 50.0 0.00851908
600.0 100.0 0.00787906
600.0 150.0 0.00744095
600.0 175.0 0.0068376
650.0 0.0 0.00962268
650.0 50.0 0.01000017
650.0 100.0 0.00928512
650.0 150.0 0.00868992
700.0 0.0 0.0101046
700.0 50.0 0.00982368
550.0 200.0 0.00528533
550.0 250.0 0.00343903
600.0 200.0 0.0063126
600.0 250.0 0.0055775
650.0 175.0 0.0089031
650.0 200.0 0.00799704
650.0 250.0 0.0068838
700.0 100.0 0.00978367
700.0 150.0 0.0095095
700.0 175.0 0.00961182
700.0 200.0 0.00921004
750.0 0.0 0.009847
750.0 50.0 0.0102784
750.0 100.0 0.01041276
750.0 150.0 0.010386
800.0 0.0 0.0104434
800.0 50.0 0.01051076
800.0 100.0 0.01016073
800.0 150.0 0.01009558
850.0 0.0 0.00920845
850.0 50.0 0.0098735
