#MA5 EffMap for txName: T6bbWW , Analysis: cms_sus_13_012 , SR: 3NJet6_500HT800_200MHT300
100.0    1   0.0001752
1000.0    40.0   0.0027022
1000.0    80.0   0.0047709
1000.0    120.0   0.0077302
1000.0    160.0   0.0089512
1000.0    200.0   0.0113796
1000.0    240.0   0.0140941
1000.0    280.0   0.0164661
1000.0    320.0   0.0190491
1000.0    360.0   0.0237871
1000.0    400.0   0.0277794
1000.0    440.0   0.0324063
1000.0    480.0   0.0368552
1000.0    520.0   0.0418957
1000.0    560.0   0.0480479
1000.0    600.0   0.0548683
1000.0    640.0   0.0579824
1000.0    680.0   0.0601601
1000.0    1   0.0015112
150.0    40.0   0.0007278
150.0    1   0.0005440
200.0    40.0   0.0014315
200.0    80.0   0.0014670
200.0    120.0   0.0020658
200.0    1   0.0018117
250.0    40.0   0.0040980
250.0    80.0   0.0042553
250.0    120.0   0.0031072
250.0    160.0   0.0031096
250.0    1   0.0042577
300.0    40.0   0.0094471
300.0    80.0   0.0084056
300.0    120.0   0.0074443
300.0    160.0   0.0054108
300.0    200.0   0.0040223
300.0    1   0.0085220
350.0    40.0   0.0172414
350.0    80.0   0.0164205
350.0    120.0   0.0134732
350.0    160.0   0.0107636
350.0    200.0   0.0083189
350.0    240.0   0.0065143
350.0    1   0.0159651
400.0    40.0   0.0287583
400.0    80.0   0.0319005
400.0    120.0   0.0263768
400.0    160.0   0.0207545
400.0    200.0   0.0139695
400.0    240.0   0.0101946
400.0    280.0   0.0077204
400.0    320.0   0.0056814
400.0    1   0.0260000
450.0    40.0   0.0413380
450.0    80.0   0.0459803
450.0    120.0   0.0439696
450.0    160.0   0.0379403
450.0    200.0   0.0275572
450.0    240.0   0.0184845
450.0    280.0   0.0137421
450.0    320.0   0.0089498
450.0    360.0   0.0054318
450.0    1   0.0327583
500.0    40.0   0.0429324
500.0    80.0   0.0572747
500.0    120.0   0.0569104
500.0    160.0   0.0562000
500.0    200.0   0.0461339
500.0    240.0   0.0351566
500.0    280.0   0.0236075
500.0    320.0   0.0157726
500.0    360.0   0.0102842
500.0    400.0   0.0065203
500.0    1   0.0321775
550.0    40.0   0.0411237
550.0    80.0   0.0525666
550.0    120.0   0.0645850
550.0    160.0   0.0657924
550.0    200.0   0.0628175
550.0    240.0   0.0533027
550.0    280.0   0.0415290
550.0    320.0   0.0300182
550.0    360.0   0.0198974
550.0    400.0   0.0128775
550.0    440.0   0.0072153
550.0    1   0.0275049
600.0    40.0   0.0325558
600.0    80.0   0.0470709
600.0    120.0   0.0584656
600.0    160.0   0.0644720
600.0    200.0   0.0671764
600.0    240.0   0.0653239
600.0    280.0   0.0572675
600.0    320.0   0.0469816
600.0    360.0   0.0328382
600.0    400.0   0.0236012
600.0    440.0   0.0150609
600.0    480.0   0.0090605
600.0    520.0   0.0055764
600.0    1   0.0210193
650.0    40.0   0.0249675
650.0    80.0   0.0384160
650.0    120.0   0.0482165
650.0    160.0   0.0568276
650.0    200.0   0.0625455
650.0    240.0   0.0635657
650.0    280.0   0.0639078
650.0    320.0   0.0608973
650.0    360.0   0.0546887
650.0    400.0   0.0386398
650.0    440.0   0.0261564
650.0    480.0   0.0173026
650.0    520.0   0.0098477
650.0    560.0   0.0053006
650.0    1   0.0154493
700.0    40.0   0.0187708
700.0    80.0   0.0289303
700.0    120.0   0.0385442
700.0    160.0   0.0445449
700.0    200.0   0.0524713
700.0    240.0   0.0573583
700.0    280.0   0.0617886
700.0    320.0   0.0641461
700.0    360.0   0.0635817
700.0    400.0   0.0567085
700.0    440.0   0.0445479
700.0    480.0   0.0312440
700.0    520.0   0.0193610
700.0    560.0   0.0121989
700.0    600.0   0.0068471
700.0    1   0.0113855
750.0    40.0   0.0141008
750.0    80.0   0.0202414
750.0    120.0   0.0289467
750.0    160.0   0.0363103
750.0    200.0   0.0445497
750.0    240.0   0.0505995
750.0    280.0   0.0529007
750.0    320.0   0.0614954
750.0    360.0   0.0609946
750.0    400.0   0.0620423
750.0    440.0   0.0600898
750.0    480.0   0.0501887
750.0    520.0   0.0338166
750.0    560.0   0.0223139
750.0    600.0   0.0148235
750.0    640.0   0.0080672
750.0    1   0.0080493
800.0    40.0   0.0107546
800.0    80.0   0.0153771
800.0    120.0   0.0230929
800.0    160.0   0.0283460
800.0    200.0   0.0333021
800.0    240.0   0.0398432
800.0    280.0   0.0450028
800.0    320.0   0.0485788
800.0    360.0   0.0546964
800.0    400.0   0.0610075
800.0    440.0   0.0626995
800.0    480.0   0.0627953
800.0    520.0   0.0519936
800.0    560.0   0.0378532
800.0    600.0   0.0239749
800.0    640.0   0.0159843
800.0    680.0   0.0089975
800.0    1   0.0052297
850.0    40.0   0.0073998
850.0    80.0   0.0110232
850.0    120.0   0.0163088
850.0    160.0   0.0205697
850.0    200.0   0.0253192
850.0    240.0   0.0301173
850.0    280.0   0.0355822
850.0    320.0   0.0397949
850.0    360.0   0.0458965
850.0    400.0   0.0518005
850.0    440.0   0.0561201
850.0    480.0   0.0592600
850.0    520.0   0.0637134
850.0    560.0   0.0569898
850.0    600.0   0.0422642
850.0    640.0   0.0289111
850.0    680.0   0.0183207
850.0    1   0.0039198
900.0    40.0   0.0049306
900.0    80.0   0.0084325
900.0    120.0   0.0120543
900.0    160.0   0.0162199
900.0    200.0   0.0181921
900.0    240.0   0.0245223
900.0    280.0   0.0269107
900.0    320.0   0.0320682
900.0    360.0   0.0363764
900.0    400.0   0.0425053
900.0    440.0   0.0483811
900.0    480.0   0.0531037
900.0    520.0   0.0586793
900.0    560.0   0.0622664
900.0    600.0   0.0580440
900.0    640.0   0.0483504
900.0    680.0   0.0322612
900.0    1   0.0034130
950.0    40.0   0.0039448
950.0    80.0   0.0063697
950.0    120.0   0.0090385
950.0    160.0   0.0118306
950.0    200.0   0.0154083
950.0    240.0   0.0183343
950.0    280.0   0.0208928
950.0    320.0   0.0244294
950.0    360.0   0.0290724
950.0    400.0   0.0336341
950.0    440.0   0.0398572
950.0    480.0   0.0444279
950.0    520.0   0.0504461
950.0    560.0   0.0588662
950.0    600.0   0.0595303
950.0    640.0   0.0598120
950.0    680.0   0.0517161
950.0    1   0.0022852
