#MA5 EffMap for txName: T6bbWW , Analysis: cms_sus_13_012 , SR: 3NJet6_1000HT1250_200MHT300
100.0    1   0.0000125
1000.0    40.0   0.0111416
1000.0    80.0   0.0145679
1000.0    120.0   0.0159497
1000.0    160.0   0.0165675
1000.0    200.0   0.0161896
1000.0    240.0   0.0147588
1000.0    280.0   0.0143761
1000.0    320.0   0.0132643
1000.0    360.0   0.0131388
1000.0    400.0   0.0119671
1000.0    440.0   0.0117930
1000.0    480.0   0.0108766
1000.0    520.0   0.0094862
1000.0    560.0   0.0095350
1000.0    600.0   0.0070011
1000.0    640.0   0.0052443
1000.0    680.0   0.0035331
1000.0    1   0.0069673
150.0    40.0   0.0000280
150.0    1   0.0000139
200.0    40.0   0.0000603
200.0    80.0   0.0000756
200.0    120.0   0.0000759
200.0    1   0.0000604
250.0    40.0   0.0003696
250.0    80.0   0.0002418
250.0    120.0   0.0001121
250.0    160.0   0.0001128
250.0    1   0.0002892
300.0    40.0   0.0006556
300.0    80.0   0.0004726
300.0    120.0   0.0003537
300.0    160.0   0.0001848
300.0    200.0   0.0001006
300.0    1   0.0006027
350.0    40.0   0.0009937
350.0    80.0   0.0011642
350.0    120.0   0.0008192
350.0    160.0   0.0004885
350.0    200.0   0.0002080
350.0    240.0   0.0001742
350.0    1   0.0011852
400.0    40.0   0.0021382
400.0    80.0   0.0021243
400.0    120.0   0.0014991
400.0    160.0   0.0012849
400.0    200.0   0.0007522
400.0    240.0   0.0003203
400.0    280.0   0.0001430
400.0    320.0   0.0000719
400.0    1   0.0023393
450.0    40.0   0.0040352
450.0    80.0   0.0034268
450.0    120.0   0.0025576
450.0    160.0   0.0019882
450.0    200.0   0.0014753
450.0    240.0   0.0007997
450.0    280.0   0.0004197
450.0    320.0   0.0002013
450.0    360.0   0.0000183
450.0    1   0.0039229
500.0    40.0   0.0061756
500.0    80.0   0.0054477
500.0    120.0   0.0044222
500.0    160.0   0.0033092
500.0    200.0   0.0026516
500.0    240.0   0.0016192
500.0    280.0   0.0008972
500.0    320.0   0.0005917
500.0    360.0   0.0002042
500.0    400.0   0.0002043
500.0    1   0.0059471
550.0    40.0   0.0093018
550.0    80.0   0.0097124
550.0    120.0   0.0081433
550.0    160.0   0.0059367
550.0    200.0   0.0043459
550.0    240.0   0.0034894
550.0    280.0   0.0022707
550.0    320.0   0.0011257
550.0    360.0   0.0006952
550.0    400.0   0.0001866
550.0    440.0   0.0001687
550.0    1   0.0100682
600.0    40.0   0.0136377
600.0    80.0   0.0136639
600.0    120.0   0.0110144
600.0    160.0   0.0088521
600.0    200.0   0.0066019
600.0    240.0   0.0051626
600.0    280.0   0.0037546
600.0    320.0   0.0022183
600.0    360.0   0.0017453
600.0    400.0   0.0004925
600.0    440.0   0.0002285
600.0    480.0   0.0000571
600.0    520.0   0.0001337
600.0    1   0.0127556
650.0    40.0   0.0194957
650.0    80.0   0.0166113
650.0    120.0   0.0147652
650.0    160.0   0.0116687
650.0    200.0   0.0096489
650.0    240.0   0.0077333
650.0    280.0   0.0053528
650.0    320.0   0.0038132
650.0    360.0   0.0023711
650.0    400.0   0.0015701
650.0    440.0   0.0009171
650.0    480.0   0.0003815
650.0    520.0   0.0001916
650.0    560.0   0.0001728
650.0    1   0.0178866
700.0    40.0   0.0224980
700.0    80.0   0.0206203
700.0    120.0   0.0181588
700.0    160.0   0.0141043
700.0    200.0   0.0109837
700.0    240.0   0.0093674
700.0    280.0   0.0084650
700.0    320.0   0.0059577
700.0    360.0   0.0043364
700.0    400.0   0.0036091
700.0    440.0   0.0014811
700.0    480.0   0.0008668
700.0    520.0   0.0002878
700.0    560.0   0.0001729
700.0    600.0   0.0001154
700.0    1   0.0183166
750.0    40.0   0.0224996
750.0    80.0   0.0222848
750.0    120.0   0.0209348
750.0    160.0   0.0172860
750.0    200.0   0.0137225
750.0    240.0   0.0116006
750.0    280.0   0.0096498
750.0    320.0   0.0085974
750.0    360.0   0.0069312
750.0    400.0   0.0052362
750.0    440.0   0.0036424
750.0    480.0   0.0023111
750.0    520.0   0.0009061
750.0    560.0   0.0005395
750.0    600.0   0.0002499
750.0    640.0   0.0000965
750.0    1   0.0184921
800.0    40.0   0.0221315
800.0    80.0   0.0238423
800.0    120.0   0.0205443
800.0    160.0   0.0175141
800.0    200.0   0.0158219
800.0    240.0   0.0143614
800.0    280.0   0.0123495
800.0    320.0   0.0101944
800.0    360.0   0.0089641
800.0    400.0   0.0076623
800.0    440.0   0.0051585
800.0    480.0   0.0032661
800.0    520.0   0.0021242
800.0    560.0   0.0011853
800.0    600.0   0.0005043
800.0    640.0   0.0002712
800.0    680.0   0.0001551
800.0    1   0.0160184
850.0    40.0   0.0196094
850.0    80.0   0.0240827
850.0    120.0   0.0221916
850.0    160.0   0.0198697
850.0    200.0   0.0177525
850.0    240.0   0.0137940
850.0    280.0   0.0134504
850.0    320.0   0.0122145
850.0    360.0   0.0104240
850.0    400.0   0.0092258
850.0    440.0   0.0073667
850.0    480.0   0.0054579
850.0    520.0   0.0042255
850.0    560.0   0.0024447
850.0    600.0   0.0015588
850.0    640.0   0.0006031
850.0    680.0   0.0001364
850.0    1   0.0125980
900.0    40.0   0.0168543
900.0    80.0   0.0202496
900.0    120.0   0.0211969
900.0    160.0   0.0184034
900.0    200.0   0.0188768
900.0    240.0   0.0149198
900.0    280.0   0.0144874
900.0    320.0   0.0126908
900.0    360.0   0.0125738
900.0    400.0   0.0109931
900.0    440.0   0.0096021
900.0    480.0   0.0082089
900.0    520.0   0.0065567
900.0    560.0   0.0045839
900.0    600.0   0.0029276
900.0    640.0   0.0012068
900.0    680.0   0.0007212
900.0    1   0.0119944
950.0    40.0   0.0135419
950.0    80.0   0.0177371
950.0    120.0   0.0180574
950.0    160.0   0.0186469
950.0    200.0   0.0165366
950.0    240.0   0.0152069
950.0    280.0   0.0142807
950.0    320.0   0.0139764
950.0    360.0   0.0130425
950.0    400.0   0.0114262
950.0    440.0   0.0118865
950.0    480.0   0.0103157
950.0    520.0   0.0081207
950.0    560.0   0.0071032
950.0    600.0   0.0046771
950.0    640.0   0.0031459
950.0    680.0   0.0016027
950.0    1   0.0088869
