# MassX , MassY , Eff*Acc  
100.0 300.0 1.6190842655e-05
100.0 350.0 3.82808568814e-05
100.0 400.0 4.96584674431e-05
100.0 450.0 0.000144375611337
100.0 500.0 0.000176442707737
100.0 550.0 0.000198240079454
150.0 350.0 2.61820291364e-05
150.0 500.0 0.000121074502921
250.0 450.0 0.000244292340632
350.0 600.0 0.000134377096915
400.0 600.0 0.000306639272721
450.0 650.0 0.000201526616579
500.0 950.0 0.000820103232732
500.0 1100.0 0.000366701669374
500.0 1150.0 0.000329160867871
500.0 1200.0 0.000517640500897
550.0 900.0 0.000186853240132
550.0 1200.0 0.000849916790009
600.0 800.0 0.000234292891994
600.0 1100.0 6.97392423856e-05
600.0 1150.0 0.000112972450161
650.0 1100.0 0.000500363096155
650.0 1150.0 0.000133208373637
650.0 1200.0 0.000515272808876
