#MA5 EffMap for txName: T6bbWW , Analysis: cms_sus_13_012 , SR: 6NJet8_500HT800_450MHTinf
100.0    1   0.0000000
100.0    40.0   0.0000000
100.0    80.0   0.0000126
1000.0    1   0.0000000
1000.0    120.0   0.0002745
1000.0    160.0   0.0003138
1000.0    200.0   0.0004131
1000.0    240.0   0.0003727
1000.0    280.0   0.0004894
1000.0    320.0   0.0002350
1000.0    360.0   0.0005507
1000.0    400.0   0.0003337
1000.0    440.0   0.0004525
1000.0    480.0   0.0004136
1000.0    40.0   0.0001576
1000.0    520.0   0.0003933
1000.0    560.0   0.0003730
1000.0    600.0   0.0005705
1000.0    640.0   0.0004128
1000.0    680.0   0.0005107
1000.0    80.0   0.0002156
150.0    1   0.0000000
150.0    120.0   0.0000140
150.0    40.0   0.0000000
150.0    80.0   0.0000000
200.0    1   0.0000000
200.0    120.0   0.0000152
200.0    160.0   0.0000000
200.0    40.0   0.0000000
200.0    80.0   0.0000152
250.0    1   0.0000000
250.0    120.0   0.0000162
250.0    160.0   0.0000000
250.0    200.0   0.0000000
250.0    40.0   0.0000161
250.0    80.0   0.0000000
300.0    1   0.0000000
300.0    120.0   0.0000169
300.0    160.0   0.0000169
300.0    200.0   0.0000000
300.0    240.0   0.0000169
300.0    280.0   0.0000000
300.0    40.0   0.0000000
300.0    80.0   0.0000506
350.0    1   0.0000000
350.0    120.0   0.0000175
350.0    160.0   0.0000350
350.0    200.0   0.0000525
350.0    240.0   0.0000176
350.0    280.0   0.0000349
350.0    320.0   0.0000000
350.0    40.0   0.0000350
350.0    80.0   0.0000352
400.0    1   0.0000000
400.0    120.0   0.0001254
400.0    160.0   0.0001248
400.0    200.0   0.0000717
400.0    240.0   0.0000895
400.0    280.0   0.0000000
400.0    320.0   0.0000359
400.0    360.0   0.0000180
400.0    40.0   0.0000715
400.0    80.0   0.0000895
450.0    1   0.0000546
450.0    120.0   0.0000736
450.0    160.0   0.0002197
450.0    200.0   0.0001287
450.0    240.0   0.0000550
450.0    280.0   0.0000919
450.0    320.0   0.0000548
450.0    360.0   0.0000549
450.0    400.0   0.0000000
450.0    40.0   0.0001645
450.0    80.0   0.0001656
50.0    1   0.0000000
500.0    1   0.0000740
500.0    120.0   0.0002617
500.0    160.0   0.0001872
500.0    200.0   0.0001492
500.0    240.0   0.0001492
500.0    280.0   0.0002235
500.0    320.0   0.0001307
500.0    360.0   0.0000560
500.0    400.0   0.0000928
500.0    440.0   0.0000186
500.0    480.0   0.0000000
500.0    40.0   0.0002047
500.0    80.0   0.0003719
550.0    1   0.0000564
550.0    120.0   0.0003771
550.0    160.0   0.0003207
550.0    200.0   0.0004690
550.0    240.0   0.0002455
550.0    280.0   0.0002255
550.0    320.0   0.0002264
550.0    360.0   0.0001129
550.0    400.0   0.0000940
550.0    440.0   0.0001692
550.0    480.0   0.0000941
550.0    40.0   0.0002445
550.0    520.0   0.0000190
550.0    80.0   0.0004151
600.0    1   0.0000762
600.0    120.0   0.0005710
600.0    160.0   0.0003817
600.0    200.0   0.0003610
600.0    240.0   0.0003618
600.0    280.0   0.0002855
600.0    320.0   0.0001914
600.0    360.0   0.0002284
600.0    400.0   0.0001339
600.0    440.0   0.0001339
600.0    480.0   0.0000382
600.0    40.0   0.0003614
600.0    520.0   0.0001330
600.0    560.0   0.0000955
600.0    80.0   0.0003425
650.0    1   0.0000573
650.0    120.0   0.0005204
650.0    160.0   0.0004635
650.0    200.0   0.0003463
650.0    240.0   0.0003460
650.0    280.0   0.0003673
650.0    320.0   0.0003271
650.0    360.0   0.0004040
650.0    400.0   0.0003470
650.0    440.0   0.0001931
650.0    480.0   0.0001345
650.0    40.0   0.0002312
650.0    520.0   0.0002113
650.0    560.0   0.0001541
650.0    600.0   0.0000769
650.0    80.0   0.0003476
700.0    1   0.0000962
700.0    120.0   0.0003844
700.0    160.0   0.0004655
700.0    200.0   0.0005016
700.0    240.0   0.0004642
700.0    280.0   0.0004063
700.0    320.0   0.0004072
700.0    360.0   0.0003884
700.0    400.0   0.0004437
700.0    440.0   0.0002705
700.0    480.0   0.0003483
700.0    40.0   0.0004072
700.0    520.0   0.0002319
700.0    560.0   0.0001931
700.0    600.0   0.0001547
700.0    640.0   0.0001158
700.0    680.0   0.0000779
700.0    80.0   0.0005427
750.0    1   0.0000773
750.0    120.0   0.0006355
750.0    160.0   0.0005842
750.0    200.0   0.0004664
750.0    240.0   0.0006026
750.0    280.0   0.0005408
750.0    320.0   0.0003861
750.0    360.0   0.0004650
750.0    400.0   0.0004459
750.0    440.0   0.0003478
750.0    480.0   0.0005220
750.0    40.0   0.0003869
750.0    520.0   0.0002318
750.0    560.0   0.0002534
750.0    600.0   0.0001162
750.0    640.0   0.0001753
750.0    680.0   0.0001558
750.0    80.0   0.0006981
800.0    1   0.0000194
800.0    120.0   0.0003138
800.0    160.0   0.0005062
800.0    200.0   0.0002920
800.0    240.0   0.0004301
800.0    280.0   0.0003528
800.0    320.0   0.0005303
800.0    360.0   0.0005643
800.0    400.0   0.0004679
800.0    440.0   0.0004681
800.0    480.0   0.0004681
800.0    40.0   0.0002144
800.0    520.0   0.0004486
800.0    560.0   0.0002935
800.0    600.0   0.0003529
800.0    640.0   0.0003330
800.0    680.0   0.0001957
800.0    80.0   0.0005075
850.0    1   0.0000196
850.0    120.0   0.0005487
850.0    160.0   0.0004310
850.0    200.0   0.0004901
850.0    240.0   0.0004105
850.0    280.0   0.0003314
850.0    320.0   0.0003711
850.0    360.0   0.0003920
850.0    400.0   0.0005092
850.0    440.0   0.0004709
850.0    480.0   0.0004907
850.0    40.0   0.0002536
850.0    520.0   0.0004905
850.0    560.0   0.0004292
850.0    600.0   0.0003899
850.0    640.0   0.0003917
850.0    680.0   0.0002539
850.0    80.0   0.0003932
900.0    1   0.0000000
900.0    120.0   0.0004113
900.0    160.0   0.0003129
900.0    200.0   0.0002531
900.0    240.0   0.0004505
900.0    280.0   0.0004100
900.0    320.0   0.0005271
900.0    360.0   0.0003523
900.0    400.0   0.0005891
900.0    440.0   0.0003914
900.0    480.0   0.0005692
900.0    40.0   0.0002942
900.0    520.0   0.0004903
900.0    560.0   0.0004138
900.0    600.0   0.0003738
900.0    640.0   0.0004332
900.0    680.0   0.0004514
900.0    80.0   0.0003317
950.0    1   0.0000000
950.0    120.0   0.0002153
950.0    160.0   0.0003332
950.0    200.0   0.0002548
950.0    240.0   0.0002943
950.0    280.0   0.0002161
950.0    320.0   0.0002942
950.0    360.0   0.0002955
950.0    400.0   0.0004127
950.0    440.0   0.0003936
950.0    480.0   0.0003138
950.0    40.0   0.0002158
950.0    520.0   0.0005699
950.0    560.0   0.0005325
950.0    600.0   0.0005897
950.0    640.0   0.0004909
950.0    680.0   0.0003722
950.0    80.0   0.0003542
