#MA5 EffMap for txName: T6bbWW , Analysis: cms_sus_13_012 , SR: 3NJet6_1500HTinf_200MHT300
100.0    1   0.0000000
100.0    40.0   0.0000000
100.0    80.0   0.0000000
1000.0    1   0.0271031
1000.0    120.0   0.0054891
1000.0    160.0   0.0055901
1000.0    200.0   0.0058628
1000.0    240.0   0.0050023
1000.0    280.0   0.0042875
1000.0    320.0   0.0043479
1000.0    360.0   0.0036385
1000.0    400.0   0.0036512
1000.0    440.0   0.0028921
1000.0    480.0   0.0025996
1000.0    40.0   0.0083909
1000.0    520.0   0.0022223
1000.0    560.0   0.0018454
1000.0    600.0   0.0010623
1000.0    640.0   0.0010222
1000.0    680.0   0.0003732
1000.0    80.0   0.0062128
150.0    1   0.0000000
150.0    120.0   0.0000000
150.0    40.0   0.0000000
150.0    80.0   0.0000000
200.0    1   0.0000453
200.0    120.0   0.0000000
200.0    160.0   0.0000000
200.0    40.0   0.0000454
200.0    80.0   0.0000000
250.0    1   0.0000160
250.0    120.0   0.0000162
250.0    160.0   0.0000162
250.0    200.0   0.0000000
250.0    40.0   0.0000322
250.0    80.0   0.0000323
300.0    1   0.0000335
300.0    120.0   0.0000169
300.0    160.0   0.0000338
300.0    200.0   0.0000000
300.0    240.0   0.0000000
300.0    280.0   0.0000000
300.0    40.0   0.0000339
300.0    80.0   0.0000675
350.0    1   0.0001044
350.0    120.0   0.0000873
350.0    160.0   0.0000525
350.0    200.0   0.0000175
350.0    240.0   0.0000000
350.0    280.0   0.0000000
350.0    320.0   0.0000000
350.0    40.0   0.0001924
350.0    80.0   0.0002285
400.0    1   0.0002668
400.0    120.0   0.0001971
400.0    160.0   0.0002852
400.0    200.0   0.0000538
400.0    240.0   0.0000000
400.0    280.0   0.0000720
400.0    320.0   0.0000000
400.0    360.0   0.0000000
400.0    40.0   0.0003040
400.0    80.0   0.0003042
450.0    1   0.0006375
450.0    120.0   0.0004046
450.0    160.0   0.0003295
450.0    200.0   0.0002022
450.0    240.0   0.0000917
450.0    280.0   0.0000184
450.0    320.0   0.0000000
450.0    360.0   0.0000000
450.0    400.0   0.0000000
450.0    40.0   0.0004752
450.0    80.0   0.0004417
50.0    1   0.0000000
500.0    1   0.0009810
500.0    120.0   0.0007478
500.0    160.0   0.0004119
500.0    200.0   0.0003543
500.0    240.0   0.0003171
500.0    280.0   0.0001304
500.0    320.0   0.0000934
500.0    360.0   0.0000187
500.0    400.0   0.0000186
500.0    440.0   0.0000000
500.0    480.0   0.0000000
500.0    40.0   0.0010605
500.0    80.0   0.0007996
550.0    1   0.0014845
550.0    120.0   0.0009616
550.0    160.0   0.0008677
550.0    200.0   0.0007692
550.0    240.0   0.0004721
550.0    280.0   0.0002631
550.0    320.0   0.0002075
550.0    360.0   0.0000376
550.0    400.0   0.0000188
550.0    440.0   0.0000000
550.0    480.0   0.0000000
550.0    40.0   0.0011473
550.0    520.0   0.0000000
550.0    80.0   0.0011887
600.0    1   0.0028962
600.0    120.0   0.0012182
600.0    160.0   0.0012022
600.0    200.0   0.0008740
600.0    240.0   0.0006474
600.0    280.0   0.0006282
600.0    320.0   0.0002679
600.0    360.0   0.0001523
600.0    400.0   0.0000957
600.0    440.0   0.0000191
600.0    480.0   0.0000191
600.0    40.0   0.0020352
600.0    520.0   0.0000190
600.0    560.0   0.0000191
600.0    80.0   0.0015033
650.0    1   0.0042012
650.0    120.0   0.0014840
650.0    160.0   0.0014292
650.0    200.0   0.0011737
650.0    240.0   0.0010573
650.0    280.0   0.0007346
650.0    320.0   0.0005579
650.0    360.0   0.0002309
650.0    400.0   0.0001157
650.0    440.0   0.0001931
650.0    480.0   0.0000576
650.0    40.0   0.0026398
650.0    520.0   0.0000384
650.0    560.0   0.0000385
650.0    600.0   0.0000192
650.0    80.0   0.0021051
700.0    1   0.0058511
700.0    120.0   0.0028445
700.0    160.0   0.0024441
700.0    200.0   0.0018713
700.0    240.0   0.0015667
700.0    280.0   0.0017798
700.0    320.0   0.0010277
700.0    360.0   0.0005826
700.0    400.0   0.0003858
700.0    440.0   0.0001932
700.0    480.0   0.0001355
700.0    40.0   0.0029084
700.0    520.0   0.0000193
700.0    560.0   0.0000386
700.0    600.0   0.0000000
700.0    640.0   0.0000000
700.0    680.0   0.0000195
700.0    80.0   0.0028491
750.0    1   0.0081726
750.0    120.0   0.0027152
750.0    160.0   0.0026871
750.0    200.0   0.0025459
750.0    240.0   0.0017496
750.0    280.0   0.0020281
750.0    320.0   0.0013901
750.0    360.0   0.0014726
750.0    400.0   0.0009111
750.0    440.0   0.0005796
750.0    480.0   0.0002320
750.0    40.0   0.0039072
750.0    520.0   0.0001932
750.0    560.0   0.0000390
750.0    600.0   0.0000387
750.0    640.0   0.0000390
750.0    680.0   0.0000000
750.0    80.0   0.0031803
800.0    1   0.0118779
800.0    120.0   0.0036279
800.0    160.0   0.0031927
800.0    200.0   0.0027640
800.0    240.0   0.0027172
800.0    280.0   0.0021366
800.0    320.0   0.0019050
800.0    360.0   0.0017707
800.0    400.0   0.0009748
800.0    440.0   0.0008777
800.0    480.0   0.0006436
800.0    40.0   0.0052617
800.0    520.0   0.0001560
800.0    560.0   0.0001369
800.0    600.0   0.0000784
800.0    640.0   0.0000196
800.0    680.0   0.0000196
800.0    80.0   0.0041580
850.0    1   0.0165195
850.0    120.0   0.0035666
850.0    160.0   0.0036832
850.0    200.0   0.0036858
850.0    240.0   0.0031279
850.0    280.0   0.0032752
850.0    320.0   0.0025584
850.0    360.0   0.0020385
850.0    400.0   0.0016452
850.0    440.0   0.0013733
850.0    480.0   0.0011580
850.0    40.0   0.0052080
850.0    520.0   0.0006670
850.0    560.0   0.0004292
850.0    600.0   0.0001560
850.0    640.0   0.0000588
850.0    680.0   0.0000586
850.0    80.0   0.0038735
900.0    1   0.0207868
900.0    120.0   0.0047791
900.0    160.0   0.0042239
900.0    200.0   0.0041280
900.0    240.0   0.0034864
900.0    280.0   0.0034170
900.0    320.0   0.0028305
900.0    360.0   0.0027006
900.0    400.0   0.0022582
900.0    440.0   0.0017221
900.0    480.0   0.0012562
900.0    40.0   0.0065695
900.0    520.0   0.0010394
900.0    560.0   0.0005517
900.0    600.0   0.0003345
900.0    640.0   0.0000788
900.0    680.0   0.0000589
900.0    80.0   0.0047603
950.0    1   0.0241595
950.0    120.0   0.0046981
950.0    160.0   0.0048216
950.0    200.0   0.0041950
950.0    240.0   0.0043754
950.0    280.0   0.0038507
950.0    320.0   0.0037063
950.0    360.0   0.0030140
950.0    400.0   0.0026337
950.0    440.0   0.0026959
950.0    480.0   0.0014712
950.0    40.0   0.0072984
950.0    520.0   0.0014150
950.0    560.0   0.0012229
950.0    600.0   0.0007076
950.0    640.0   0.0003731
950.0    680.0   0.0002351
950.0    80.0   0.0051157
