#MA5 EffMap for txName: T6bbWW , Analysis: cms_sus_13_012 , SR: 8NJetinf_1250HT1500_200MHTinf
100.0    1   0.0000000
100.0    40.0   0.0000000
100.0    80.0   0.0000000
1000.0    1   0.0004690
1000.0    120.0   0.0007253
1000.0    160.0   0.0007061
1000.0    200.0   0.0003935
1000.0    240.0   0.0003139
1000.0    280.0   0.0004307
1000.0    320.0   0.0005092
1000.0    360.0   0.0002950
1000.0    400.0   0.0002356
1000.0    440.0   0.0003738
1000.0    480.0   0.0002954
1000.0    40.0   0.0021076
1000.0    520.0   0.0003343
1000.0    560.0   0.0002160
1000.0    600.0   0.0001377
1000.0    640.0   0.0001769
1000.0    680.0   0.0000786
1000.0    80.0   0.0012935
150.0    1   0.0000139
150.0    120.0   0.0000000
150.0    40.0   0.0000140
150.0    80.0   0.0000140
200.0    1   0.0000000
200.0    120.0   0.0000152
200.0    160.0   0.0000000
200.0    40.0   0.0000000
200.0    80.0   0.0000152
250.0    1   0.0000000
250.0    120.0   0.0000000
250.0    160.0   0.0000000
250.0    200.0   0.0000161
250.0    40.0   0.0000000
250.0    80.0   0.0000485
300.0    1   0.0000000
300.0    120.0   0.0000169
300.0    160.0   0.0000338
300.0    200.0   0.0000000
300.0    240.0   0.0000000
300.0    280.0   0.0000000
300.0    40.0   0.0000508
300.0    80.0   0.0000000
350.0    1   0.0000696
350.0    120.0   0.0000349
350.0    160.0   0.0000350
350.0    200.0   0.0000175
350.0    240.0   0.0000000
350.0    280.0   0.0000175
350.0    320.0   0.0000000
350.0    40.0   0.0000350
350.0    80.0   0.0000000
400.0    1   0.0000889
400.0    120.0   0.0001075
400.0    160.0   0.0000178
400.0    200.0   0.0000179
400.0    240.0   0.0000716
400.0    280.0   0.0000360
400.0    320.0   0.0000180
400.0    360.0   0.0000000
400.0    40.0   0.0001430
400.0    80.0   0.0000537
450.0    1   0.0002368
450.0    120.0   0.0000184
450.0    160.0   0.0000549
450.0    200.0   0.0000000
450.0    240.0   0.0000367
450.0    280.0   0.0000184
450.0    320.0   0.0000366
450.0    360.0   0.0000000
450.0    400.0   0.0000183
450.0    40.0   0.0001828
450.0    80.0   0.0001104
50.0    1   0.0000000
500.0    1   0.0002776
500.0    120.0   0.0001496
500.0    160.0   0.0001123
500.0    200.0   0.0001119
500.0    240.0   0.0000746
500.0    280.0   0.0000559
500.0    320.0   0.0000560
500.0    360.0   0.0000000
500.0    400.0   0.0000371
500.0    440.0   0.0000000
500.0    480.0   0.0000000
500.0    40.0   0.0003535
500.0    80.0   0.0002417
550.0    1   0.0003383
550.0    120.0   0.0001697
550.0    160.0   0.0000566
550.0    200.0   0.0000938
550.0    240.0   0.0000567
550.0    280.0   0.0000752
550.0    320.0   0.0000377
550.0    360.0   0.0000376
550.0    400.0   0.0000188
550.0    440.0   0.0000188
550.0    480.0   0.0000188
550.0    40.0   0.0004514
550.0    520.0   0.0000000
550.0    80.0   0.0002076
600.0    1   0.0004764
600.0    120.0   0.0002284
600.0    160.0   0.0001145
600.0    200.0   0.0001520
600.0    240.0   0.0001143
600.0    280.0   0.0001142
600.0    320.0   0.0000957
600.0    360.0   0.0000952
600.0    400.0   0.0000765
600.0    440.0   0.0000574
600.0    480.0   0.0000000
600.0    40.0   0.0004945
600.0    520.0   0.0000190
600.0    560.0   0.0000000
600.0    80.0   0.0002093
650.0    1   0.0005920
650.0    120.0   0.0004047
650.0    160.0   0.0002511
650.0    200.0   0.0002309
650.0    240.0   0.0001346
650.0    280.0   0.0001546
650.0    320.0   0.0000385
650.0    360.0   0.0000770
650.0    400.0   0.0000193
650.0    440.0   0.0000579
650.0    480.0   0.0000769
650.0    40.0   0.0006744
650.0    520.0   0.0000000
650.0    560.0   0.0000193
650.0    600.0   0.0000000
650.0    80.0   0.0002318
700.0    1   0.0005582
700.0    120.0   0.0003459
700.0    160.0   0.0004267
700.0    200.0   0.0003280
700.0    240.0   0.0000774
700.0    280.0   0.0001935
700.0    320.0   0.0001163
700.0    360.0   0.0002136
700.0    400.0   0.0001157
700.0    440.0   0.0000580
700.0    480.0   0.0000581
700.0    40.0   0.0008531
700.0    520.0   0.0000966
700.0    560.0   0.0000000
700.0    600.0   0.0000193
700.0    640.0   0.0000193
700.0    680.0   0.0000000
700.0    80.0   0.0004458
750.0    1   0.0004830
750.0    120.0   0.0003081
750.0    160.0   0.0004089
750.0    200.0   0.0001943
750.0    240.0   0.0002722
750.0    280.0   0.0001159
750.0    320.0   0.0001352
750.0    360.0   0.0001938
750.0    400.0   0.0000969
750.0    440.0   0.0002125
750.0    480.0   0.0001353
750.0    40.0   0.0009478
750.0    520.0   0.0000773
750.0    560.0   0.0000780
750.0    600.0   0.0000581
750.0    640.0   0.0000000
750.0    680.0   0.0000389
750.0    80.0   0.0003878
800.0    1   0.0007776
800.0    120.0   0.0004510
800.0    160.0   0.0004478
800.0    200.0   0.0002530
800.0    240.0   0.0001759
800.0    280.0   0.0001764
800.0    320.0   0.0001768
800.0    360.0   0.0000973
800.0    400.0   0.0002340
800.0    440.0   0.0001365
800.0    480.0   0.0002145
800.0    40.0   0.0013642
800.0    520.0   0.0000780
800.0    560.0   0.0000391
800.0    600.0   0.0000392
800.0    640.0   0.0000588
800.0    680.0   0.0000391
800.0    80.0   0.0007223
850.0    1   0.0006459
850.0    120.0   0.0006467
850.0    160.0   0.0005094
850.0    200.0   0.0002157
850.0    240.0   0.0003519
850.0    280.0   0.0003119
850.0    320.0   0.0002148
850.0    360.0   0.0004900
850.0    400.0   0.0002154
850.0    440.0   0.0002158
850.0    480.0   0.0001766
850.0    40.0   0.0013849
850.0    520.0   0.0001962
850.0    560.0   0.0000195
850.0    600.0   0.0000975
850.0    640.0   0.0000392
850.0    680.0   0.0001172
850.0    80.0   0.0008258
900.0    1   0.0006799
900.0    120.0   0.0007835
900.0    160.0   0.0005671
900.0    200.0   0.0002921
900.0    240.0   0.0004505
900.0    280.0   0.0003710
900.0    320.0   0.0001171
900.0    360.0   0.0001174
900.0    400.0   0.0002356
900.0    440.0   0.0002153
900.0    480.0   0.0002159
900.0    40.0   0.0015688
900.0    520.0   0.0001961
900.0    560.0   0.0001773
900.0    600.0   0.0001574
900.0    640.0   0.0001378
900.0    680.0   0.0000981
900.0    80.0   0.0010535
950.0    1   0.0005864
950.0    120.0   0.0006851
950.0    160.0   0.0004312
950.0    200.0   0.0004117
950.0    240.0   0.0004513
950.0    280.0   0.0003733
950.0    320.0   0.0001961
950.0    360.0   0.0001773
950.0    400.0   0.0001769
950.0    440.0   0.0001377
950.0    480.0   0.0001569
950.0    40.0   0.0016088
950.0    520.0   0.0001769
950.0    560.0   0.0000789
950.0    600.0   0.0001769
950.0    640.0   0.0000785
950.0    680.0   0.0000588
950.0    80.0   0.0009641
