# MassX , MassY , Eff*Acc  
300.0 100.0 0.000502737
400.0 200.0 0.0059410522
500.0 10.0 0.0097452065
500.0 50.0 0.0068903648
500.0 100.0 0.0102311616
500.0 300.0 0.0386120385
500.0 400.0 0.0669525175
500.0 450.0 0.0872177976
500.0 490.0 0.125118601
600.0 10.0 0.0176414754
600.0 50.0 0.0142891212
600.0 200.0 0.038542366
600.0 500.0 0.1201307136
600.0 400.0 0.0932254822
600.0 550.0 0.1521666576
600.0 590.0 0.168815361
700.0 10.0 0.0264668285
700.0 50.0 0.026430375
700.0 100.0 0.037041339
700.0 300.0 0.0761379261
700.0 500.0 0.1363969845
700.0 600.0 0.1457768385
700.0 650.0 0.1834279449
700.0 690.0 0.2267158656
800.0 10.0 0.0388809443
800.0 50.0 0.0410538156
800.0 200.0 0.0661394056
800.0 400.0 0.1281730164
800.0 600.0 0.156888945
800.0 700.0 0.185465497
800.0 750.0 0.213009366
800.0 790.0 0.2393304375
900.0 10.0 0.0492716997
900.0 50.0 0.0528149622
900.0 100.0 0.0683543844
900.0 300.0 0.1044276264
900.0 500.0 0.1654166448
900.0 700.0 0.1999345384
900.0 800.0 0.2140929646
900.0 850.0 0.237639584
900.0 890.0 0.2603150484
1000.0 10.0 0.062050716
1000.0 50.0 0.063778347
1000.0 200.0 0.085938864
1000.0 400.0 0.1506579555
1000.0 600.0 0.1968222122
1000.0 800.0 0.2068907922
1000.0 900.0 0.2179651512
1000.0 950.0 0.2525922765
1000.0 990.0 0.2888223639
1100.0 10.0 0.0753191792
1100.0 50.0 0.077185129
1100.0 100.0 0.079752176
1100.0 300.0 0.1233074676
1100.0 500.0 0.16930463
1100.0 700.0 0.207281844
1100.0 900.0 0.2202404052
1100.0 1000.0 0.233566782
1100.0 1050.0 0.2677822524
1100.0 1090.0 0.296080224
1200.0 10.0 0.0793802205
1200.0 50.0 0.0867411939
1200.0 200.0 0.102560352
1200.0 400.0 0.158375786
1200.0 600.0 0.192265563
1200.0 800.0 0.2223473075
1200.0 1000.0 0.2252305605
1200.0 1100.0 0.2449367914
1200.0 1150.0 0.2713476438
1200.0 1190.0 0.2872191582
1300.0 10.0 0.0870809372
1300.0 50.0 0.0966441744
1300.0 100.0 0.101924017
1300.0 300.0 0.1284497928
1300.0 500.0 0.1793906092
1300.0 700.0 0.2108888262
1300.0 900.0 0.2374769343
1300.0 1100.0 0.240890556
1300.0 1200.0 0.259685933
1300.0 1250.0 0.280462063
1300.0 1290.0 0.299905878
1400.0 50.0 0.0984388229
1400.0 200.0 0.1148190764
1400.0 400.0 0.165911295
1400.0 600.0 0.191553428
1400.0 800.0 0.23166957
1400.0 1000.0 0.2375087886
1400.0 1200.0 0.2369355828
1400.0 1300.0 0.251874193
1400.0 1350.0 0.2846735134
1400.0 1390.0 0.305641107
1500.0 50.0 0.0919074912
1500.0 100.0 0.096161481
1500.0 300.0 0.102475923
1500.0 500.0 0.1497207192
1500.0 700.0 0.1810241013
1500.0 900.0 0.2030016012
1500.0 1100.0 0.205582689
1500.0 1300.0 0.212673872
1500.0 1400.0 0.4183574148
1500.0 1450.0 0.2402404181
1500.0 1490.0 0.2660052356
