# MassX , MassY , Eff*Acc  
1336.0 147.0 0.0015187752
1336.0 191.0 0.0015086038
1336.0 239.0 0.0015832073
1336.0 442.0 0.0088945728
1336.0 652.0 0.0206552294
1336.0 862.0 0.0433877961
1336.0 1073.0 0.0749527112
1336.0 1230.0 0.081938976
1336.0 1283.0 0.08583557
1429.0 147.0 0.0029680761
1429.0 191.0 0.0021326085
1429.0 239.0 0.0026568696
1429.0 442.0 0.0115220575
1429.0 652.0 0.024598136
1429.0 862.0 0.050343016
1429.0 1073.0 0.0814578909
1429.0 1283.0 0.1079211957
1429.0 1325.0 0.1037418999
1429.0 1377.0 0.1077204
1522.0 147.0 0.0026493375
1522.0 191.0 0.004252176
1522.0 239.0 0.0070991258
1522.0 442.0 0.0184887325
1522.0 652.0 0.0348590688
1522.0 862.0 0.0520372116
1522.0 1073.0 0.085879794
1522.0 1283.0 0.127281747
1522.0 1414.0 0.1284975945
1522.0 1471.0 0.1233420591
1614.0 147.0 0.0044437601
1614.0 191.0 0.007440136
1614.0 239.0 0.0052392402
1614.0 442.0 0.0206266264
1614.0 652.0 0.0353357875
1614.0 862.0 0.0664391676
1614.0 1073.0 0.097072605
1614.0 1283.0 0.1460351514
1614.0 1513.0 0.1600061572
1614.0 1555.0 0.143731929
1705.0 147.0 0.0058675296
1705.0 191.0 0.004497262
1705.0 239.0 0.009984576
1705.0 442.0 0.020536165
1705.0 652.0 0.05027389
1705.0 862.0 0.074167294
1705.0 1073.0 0.1035655126
1705.0 1283.0 0.1465597045
1705.0 1492.0 0.1700876964
1705.0 1597.0 0.1809978247
1705.0 1649.0 0.162283506
1795.0 147.0 0.0087862827
1795.0 191.0 0.0083561859
1795.0 239.0 0.0105883282
1795.0 442.0 0.02639913
1795.0 652.0 0.0510406715
1795.0 862.0 0.084528784
1795.0 1073.0 0.1121654547
1795.0 1283.0 0.1527029236
1795.0 1492.0 0.1888056384
1795.0 1691.0 0.1959727422
1795.0 1743.0 0.175052286
1885.0 147.0 0.0069982848
1885.0 191.0 0.0084688662
1885.0 239.0 0.0104607952
1885.0 442.0 0.0285030925
1885.0 652.0 0.0536823315
1885.0 862.0 0.0915845495
1885.0 1073.0 0.1211594128
1885.0 1283.0 0.147567252
1885.0 1492.0 0.200473622
1885.0 1701.0 0.2188509876
1885.0 1785.0 0.2103411376
1885.0 1826.0 0.1978206054
1974.0 147.0 0.0097074675
1974.0 191.0 0.00965631
1974.0 239.0 0.0170119767
1974.0 442.0 0.0237623883
1974.0 652.0 0.0568101242
1974.0 862.0 0.0989948848
1974.0 1073.0 0.1243737578
1974.0 1283.0 0.1577084825
1974.0 1492.0 0.1986101654
1974.0 1701.0 0.23881698
1974.0 1868.0 0.220466799
1974.0 1920.0 0.205728009
2063.0 147.0 0.0087374188
2063.0 191.0 0.012359205
2063.0 239.0 0.0136642623
2063.0 442.0 0.0338114338
2063.0 652.0 0.067628844
2063.0 862.0 0.09406159
2063.0 1073.0 0.1316379713
2063.0 1283.0 0.1569545314
2063.0 1492.0 0.1852812216
2063.0 1701.0 0.2373200424
2063.0 1956.0 0.239428884
2063.0 2008.0 0.204783203
2151.0 147.0 0.0120629178
2151.0 191.0 0.0162753084
2151.0 239.0 0.0150810877
2151.0 442.0 0.036528861
2151.0 652.0 0.0692696829
2151.0 862.0 0.10329195
2151.0 1073.0 0.1347956464
2151.0 1283.0 0.1630713021
2151.0 1492.0 0.192515454
2151.0 1701.0 0.2329278133
2151.0 1909.0 0.261231672
2151.0 2039.0 0.2551076211
2151.0 2091.0 0.2369950812
2239.0 147.0 0.0122110688
2239.0 191.0 0.0147575701
2239.0 239.0 0.0179490882
2239.0 442.0 0.0463760605
2239.0 652.0 0.068955156
2239.0 862.0 0.1015990924
2239.0 1073.0 0.1464122721
2239.0 1283.0 0.156364974
2239.0 1492.0 0.1816223292
2239.0 1701.0 0.2263639404
2239.0 1909.0 0.2762885466
2239.0 2127.0 0.2653212456
2239.0 2178.0 0.2331955638
2326.0 147.0 0.0130236056
2326.0 191.0 0.0125680638
2326.0 239.0 0.0172261143
2326.0 442.0 0.0422253657
2326.0 652.0 0.0737249942
2326.0 862.0 0.1130217522
2326.0 1073.0 0.139281282
2326.0 1283.0 0.170030922
2326.0 1492.0 0.1911726972
2326.0 1701.0 0.2148824982
2326.0 1909.0 0.258649881
2326.0 2117.0 0.2794427315
2326.0 2214.0 0.272025075
2326.0 2265.0 0.2526914214
2412.0 147.0 0.0141407376
2412.0 191.0 0.01670276
2412.0 239.0 0.0196382993
2412.0 442.0 0.04221525
2412.0 652.0 0.0722530204
2412.0 862.0 0.10838256
2412.0 1073.0 0.1546618646
2412.0 1283.0 0.1731401825
2412.0 1492.0 0.1816751016
2412.0 1701.0 0.214237657
2412.0 1909.0 0.243522518
2412.0 2117.0 0.2817968713
2412.0 2296.0 0.2794826503
2412.0 2347.0 0.2635144201
