#MA5 EffMap for txName: T6bbWW , Analysis: cms_sus_13_012 , SR: 3NJet6_500HT800_600MHTinf
100.0    1   0.0000000
100.0    40.0   0.0000000
100.0    80.0   0.0000000
1000.0    1   0.0093553
1000.0    40.0   0.0100343
1000.0    80.0   0.0106660
1000.0    120.0   0.0105271
1000.0    160.0   0.0116999
1000.0    200.0   0.0122759
1000.0    240.0   0.0129495
1000.0    280.0   0.0135278
1000.0    320.0   0.0138183
1000.0    360.0   0.0160223
1000.0    400.0   0.0171430
1000.0    440.0   0.0172751
1000.0    480.0   0.0176084
1000.0    520.0   0.0162037
1000.0    560.0   0.0140150
1000.0    600.0   0.0098243
1000.0    640.0   0.0058969
1000.0    680.0   0.0034251
150.0    1   0.0000000
150.0    40.0   0.0000000
150.0    80.0   0.0000000
150.0    120.0   0.0000000
200.0    1   0.0000000
200.0    40.0   0.0000303
200.0    80.0   0.0000000
200.0    120.0   0.0000000
200.0    160.0   0.0000000
250.0    1   0.0000000
250.0    40.0   0.0000320
250.0    80.0   0.0000000
250.0    120.0   0.0000000
250.0    160.0   0.0000161
250.0    200.0   0.0000321
250.0    240.0   0.0002237
300.0    1   0.0000672
300.0    40.0   0.0000335
300.0    80.0   0.0000504
300.0    160.0   0.0000000
300.0    200.0   0.0000000
300.0    240.0   0.0000841
300.0    280.0   0.0001811
350.0    1   0.0001565
350.0    40.0   0.0000874
350.0    80.0   0.0001386
350.0    120.0   0.0000347
350.0    160.0   0.0000000
350.0    200.0   0.0000349
350.0    240.0   0.0000174
350.0    280.0   0.0001044
350.0    320.0   0.0001968
400.0    1   0.0002856
400.0    40.0   0.0001065
400.0    80.0   0.0001966
400.0    120.0   0.0001787
400.0    160.0   0.0000713
400.0    200.0   0.0001962
400.0    240.0   0.0000358
400.0    280.0   0.0000356
400.0    320.0   0.0001073
400.0    360.0   0.0003605
450.0    1   0.0006745
450.0    40.0   0.0005651
450.0    80.0   0.0005291
450.0    120.0   0.0004396
450.0    160.0   0.0003108
450.0    200.0   0.0002385
450.0    240.0   0.0001822
450.0    280.0   0.0002191
450.0    320.0   0.0001284
450.0    360.0   0.0000911
450.0    400.0   0.0003118
450.0    440.0   0.0004225
50.0    40.0   0.0000000
500.0    1   0.0010186
500.0    40.0   0.0012919
500.0    80.0   0.0008188
500.0    120.0   0.0007629
500.0    160.0   0.0005577
500.0    200.0   0.0004850
500.0    240.0   0.0003159
500.0    280.0   0.0003331
500.0    320.0   0.0002044
500.0    360.0   0.0002239
500.0    400.0   0.0001481
500.0    440.0   0.0000928
500.0    480.0   0.0005024
550.0    1   0.0024761
550.0    40.0   0.0017846
550.0    80.0   0.0021945
550.0    120.0   0.0019514
550.0    160.0   0.0016718
550.0    200.0   0.0008056
550.0    240.0   0.0007120
550.0    280.0   0.0006385
550.0    320.0   0.0003389
550.0    360.0   0.0003003
550.0    440.0   0.0003001
550.0    480.0   0.0003552
550.0    520.0   0.0006573
600.0    1   0.0043124
600.0    40.0   0.0042927
600.0    80.0   0.0041510
600.0    120.0   0.0036259
600.0    160.0   0.0027458
600.0    200.0   0.0021442
600.0    240.0   0.0016498
600.0    280.0   0.0009695
600.0    320.0   0.0008178
600.0    360.0   0.0004361
600.0    400.0   0.0006828
600.0    440.0   0.0002857
600.0    480.0   0.0001518
600.0    520.0   0.0004767
600.0    560.0   0.0006740
650.0    1   0.0082683
650.0    40.0   0.0077142
650.0    80.0   0.0069823
650.0    120.0   0.0068552
650.0    160.0   0.0055800
650.0    200.0   0.0045715
650.0    240.0   0.0035561
650.0    280.0   0.0023011
650.0    320.0   0.0013828
650.0    360.0   0.0012014
650.0    400.0   0.0010104
650.0    440.0   0.0005358
650.0    480.0   0.0005345
650.0    520.0   0.0004398
650.0    560.0   0.0002303
650.0    600.0   0.0007894
650.0    640.0   0.0009509
700.0    1   0.0111556
700.0    40.0   0.0116883
700.0    80.0   0.0121106
700.0    120.0   0.0108078
700.0    160.0   0.0100744
700.0    200.0   0.0083380
700.0    240.0   0.0068946
700.0    280.0   0.0051227
700.0    320.0   0.0030922
700.0    360.0   0.0018131
700.0    400.0   0.0016183
700.0    440.0   0.0010416
700.0    480.0   0.0006956
700.0    520.0   0.0005387
700.0    560.0   0.0003272
700.0    600.0   0.0001732
700.0    640.0   0.0007925
700.0    680.0   0.0011446
750.0    1   0.0132540
750.0    40.0   0.0133170
750.0    80.0   0.0140716
750.0    120.0   0.0137575
750.0    160.0   0.0142230
750.0    200.0   0.0131538
750.0    240.0   0.0113342
750.0    280.0   0.0092519
750.0    320.0   0.0067082
750.0    360.0   0.0044528
750.0    400.0   0.0032376
750.0    440.0   0.0014850
750.0    480.0   0.0011242
750.0    520.0   0.0012215
750.0    560.0   0.0009566
750.0    600.0   0.0007317
750.0    640.0   0.0005230
750.0    680.0   0.0005401
800.0    1   0.0144899
800.0    40.0   0.0139397
800.0    80.0   0.0150622
800.0    120.0   0.0154116
800.0    160.0   0.0157634
800.0    200.0   0.0149114
800.0    240.0   0.0146137
800.0    280.0   0.0139819
800.0    320.0   0.0108877
800.0    360.0   0.0097076
800.0    400.0   0.0054570
800.0    440.0   0.0038891
800.0    480.0   0.0022990
800.0    520.0   0.0013761
800.0    560.0   0.0011271
800.0    600.0   0.0007397
800.0    640.0   0.0005265
800.0    680.0   0.0003892
850.0    1   0.0133848
850.0    40.0   0.0137745
850.0    80.0   0.0135193
850.0    120.0   0.0145575
850.0    160.0   0.0148811
850.0    200.0   0.0162727
850.0    240.0   0.0171633
850.0    280.0   0.0164306
850.0    320.0   0.0161054
850.0    360.0   0.0137746
850.0    400.0   0.0110095
850.0    440.0   0.0071907
850.0    480.0   0.0045404
850.0    520.0   0.0031528
850.0    560.0   0.0019202
850.0    600.0   0.0013700
850.0    640.0   0.0010965
850.0    680.0   0.0006236
900.0    1   0.0112067
900.0    40.0   0.0125695
900.0    80.0   0.0126404
900.0    120.0   0.0130381
900.0    160.0   0.0148786
900.0    200.0   0.0144995
900.0    240.0   0.0157058
900.0    280.0   0.0170915
900.0    320.0   0.0163409
900.0    360.0   0.0160711
900.0    400.0   0.0159316
900.0    440.0   0.0130670
900.0    480.0   0.0097118
900.0    520.0   0.0060185
900.0    560.0   0.0040002
900.0    600.0   0.0025746
900.0    640.0   0.0015372
900.0    680.0   0.0010945
950.0    1   0.0113031
950.0    40.0   0.0116022
950.0    80.0   0.0114770
950.0    120.0   0.0121449
950.0    160.0   0.0123252
950.0    200.0   0.0131093
950.0    240.0   0.0151883
950.0    280.0   0.0147237
950.0    320.0   0.0152684
950.0    360.0   0.0176213
950.0    400.0   0.0172245
950.0    440.0   0.0167342
950.0    480.0   0.0153538
950.0    520.0   0.0121385
950.0    560.0   0.0077913
950.0    600.0   0.0050998
950.0    640.0   0.0030059
950.0    680.0   0.0020914
