#MA5 EffMap for txName: T6bbWW , Analysis: cms_sus_13_012 , SR: 6NJet8_1000HT1250_300MHT450
100.0    1   0.0000000
100.0    40.0   0.0000000
100.0    80.0   0.0000000
1000.0    1   0.0041601
1000.0    40.0   0.0040176
1000.0    80.0   0.0034836
1000.0    120.0   0.0035090
1000.0    160.0   0.0037951
1000.0    200.0   0.0037217
1000.0    240.0   0.0034191
1000.0    280.0   0.0033085
1000.0    320.0   0.0033226
1000.0    360.0   0.0031927
1000.0    400.0   0.0027852
1000.0    440.0   0.0030095
1000.0    480.0   0.0033847
1000.0    520.0   0.0027006
1000.0    560.0   0.0023685
1000.0    600.0   0.0022747
1000.0    640.0   0.0018220
1000.0    680.0   0.0015462
150.0    1   0.0000000
150.0    40.0   0.0000000
150.0    80.0   0.0000140
150.0    120.0   0.0000000
200.0    1   0.0000000
200.0    40.0   0.0000455
200.0    80.0   0.0000000
200.0    120.0   0.0000000
200.0    160.0   0.0000152
250.0    1   0.0001285
250.0    40.0   0.0001441
250.0    80.0   0.0001124
250.0    120.0   0.0000482
250.0    160.0   0.0001446
250.0    200.0   0.0000000
250.0    240.0   0.0000249
300.0    1   0.0002352
300.0    40.0   0.0002176
300.0    80.0   0.0001511
300.0    160.0   0.0001009
300.0    200.0   0.0000504
300.0    240.0   0.0000337
300.0    280.0   0.0000000
350.0    1   0.0003477
350.0    40.0   0.0005068
350.0    80.0   0.0002425
350.0    120.0   0.0001390
350.0    160.0   0.0001742
350.0    200.0   0.0002092
350.0    240.0   0.0000347
350.0    280.0   0.0000174
350.0    320.0   0.0000179
400.0    1   0.0006783
400.0    40.0   0.0006569
400.0    80.0   0.0005361
400.0    120.0   0.0005541
400.0    160.0   0.0004637
400.0    200.0   0.0003211
400.0    240.0   0.0002507
400.0    280.0   0.0002317
400.0    320.0   0.0000894
400.0    360.0   0.0000360
450.0    1   0.0014765
450.0    40.0   0.0012396
450.0    80.0   0.0011859
450.0    120.0   0.0009707
450.0    160.0   0.0006216
450.0    200.0   0.0007337
450.0    240.0   0.0004190
450.0    280.0   0.0003470
450.0    320.0   0.0003303
450.0    360.0   0.0001093
450.0    400.0   0.0000367
450.0    440.0   0.0000000
50.0    40.0   0.0000000
500.0    1   0.0020372
500.0    40.0   0.0014950
500.0    80.0   0.0015073
500.0    120.0   0.0013397
500.0    160.0   0.0012083
500.0    200.0   0.0011006
500.0    240.0   0.0008919
500.0    280.0   0.0004257
500.0    320.0   0.0005016
500.0    360.0   0.0002239
500.0    400.0   0.0001481
500.0    440.0   0.0000186
500.0    480.0   0.0000402
550.0    1   0.0027012
550.0    40.0   0.0024609
550.0    80.0   0.0021945
550.0    120.0   0.0020453
550.0    160.0   0.0015778
550.0    200.0   0.0010492
550.0    240.0   0.0011242
550.0    280.0   0.0007136
550.0    320.0   0.0007155
550.0    360.0   0.0006569
550.0    440.0   0.0001313
550.0    480.0   0.0000187
550.0    520.0   0.0000387
600.0    1   0.0035491
600.0    40.0   0.0025453
600.0    80.0   0.0025516
600.0    120.0   0.0029083
600.0    160.0   0.0021967
600.0    200.0   0.0018975
600.0    240.0   0.0016688
600.0    280.0   0.0014447
600.0    320.0   0.0005515
600.0    360.0   0.0008154
600.0    400.0   0.0007018
600.0    440.0   0.0006095
600.0    480.0   0.0003226
600.0    520.0   0.0001144
600.0    560.0   0.0000578
650.0    1   0.0036534
650.0    40.0   0.0031742
650.0    80.0   0.0032226
650.0    120.0   0.0027115
650.0    160.0   0.0025033
650.0    200.0   0.0023818
650.0    240.0   0.0017492
650.0    280.0   0.0015916
650.0    320.0   0.0017477
650.0    360.0   0.0009153
650.0    400.0   0.0010485
650.0    440.0   0.0006123
650.0    480.0   0.0004963
650.0    520.0   0.0002677
650.0    560.0   0.0000576
650.0    600.0   0.0000578
650.0    640.0   0.0000297
700.0    1   0.0037185
700.0    40.0   0.0037872
700.0    80.0   0.0035234
700.0    120.0   0.0036735
700.0    160.0   0.0026685
700.0    200.0   0.0027407
700.0    240.0   0.0025686
700.0    280.0   0.0026191
700.0    320.0   0.0022664
700.0    360.0   0.0017745
700.0    400.0   0.0011945
700.0    440.0   0.0011187
700.0    480.0   0.0006956
700.0    520.0   0.0004810
700.0    560.0   0.0003272
700.0    600.0   0.0000962
700.0    640.0   0.0001353
700.0    680.0   0.0000208
750.0    1   0.0044824
750.0    40.0   0.0043353
750.0    80.0   0.0036734
750.0    120.0   0.0036377
750.0    160.0   0.0034978
750.0    200.0   0.0032210
750.0    240.0   0.0025531
750.0    280.0   0.0023081
750.0    320.0   0.0021397
750.0    360.0   0.0021590
750.0    400.0   0.0012334
750.0    440.0   0.0012535
750.0    480.0   0.0011436
750.0    520.0   0.0009695
750.0    560.0   0.0006443
750.0    600.0   0.0003081
750.0    640.0   0.0001162
750.0    680.0   0.0000579
800.0    1   0.0043450
800.0    40.0   0.0041469
800.0    80.0   0.0037802
800.0    120.0   0.0038334
800.0    160.0   0.0035419
800.0    200.0   0.0038159
800.0    240.0   0.0032410
800.0    280.0   0.0028741
800.0    320.0   0.0026347
800.0    360.0   0.0023298
800.0    400.0   0.0023387
800.0    440.0   0.0022362
800.0    480.0   0.0016171
800.0    520.0   0.0011047
800.0    560.0   0.0010688
800.0    600.0   0.0006034
800.0    640.0   0.0003315
800.0    680.0   0.0001946
850.0    1   0.0042676
850.0    40.0   0.0034485
850.0    80.0   0.0038515
850.0    120.0   0.0041370
850.0    160.0   0.0037496
850.0    200.0   0.0039070
850.0    240.0   0.0035342
850.0    280.0   0.0032783
850.0    320.0   0.0027721
850.0    360.0   0.0024297
850.0    400.0   0.0029126
850.0    440.0   0.0020795
850.0    480.0   0.0021046
850.0    520.0   0.0014791
850.0    560.0   0.0013189
850.0    600.0   0.0009648
850.0    640.0   0.0009594
850.0    680.0   0.0007405
900.0    1   0.0041731
900.0    40.0   0.0042618
900.0    80.0   0.0037511
900.0    120.0   0.0041255
900.0    160.0   0.0038315
900.0    200.0   0.0035322
900.0    240.0   0.0031489
900.0    280.0   0.0034378
900.0    320.0   0.0036161
900.0    360.0   0.0027500
900.0    400.0   0.0022149
900.0    440.0   0.0025234
900.0    480.0   0.0022863
900.0    520.0   0.0022204
900.0    560.0   0.0017562
900.0    600.0   0.0014238
900.0    640.0   0.0010896
900.0    680.0   0.0008990
950.0    1   0.0040800
950.0    40.0   0.0046840
950.0    80.0   0.0039428
950.0    120.0   0.0035172
950.0    160.0   0.0036079
950.0    200.0   0.0038879
950.0    240.0   0.0036561
950.0    280.0   0.0035103
950.0    320.0   0.0030928
950.0    360.0   0.0027668
950.0    400.0   0.0029293
950.0    440.0   0.0027530
950.0    480.0   0.0020839
950.0    520.0   0.0024004
950.0    560.0   0.0019137
950.0    600.0   0.0020321
950.0    640.0   0.0013468
950.0    680.0   0.0012314
