#MA5 EffMap for txName: T6bbWW , Analysis: cms_sus_13_012 , SR: 3NJet6_800HT1000_600MHTinf
100.0    1   0.0000000
100.0    40.0   0.0000000
100.0    80.0   0.0000000
1000.0    1   0.0390422
1000.0    40.0   0.0392945
1000.0    80.0   0.0394152
1000.0    120.0   0.0405207
1000.0    160.0   0.0425327
1000.0    200.0   0.0423422
1000.0    240.0   0.0437611
1000.0    280.0   0.0422083
1000.0    320.0   0.0431163
1000.0    360.0   0.0427978
1000.0    400.0   0.0384442
1000.0    440.0   0.0339053
1000.0    480.0   0.0278799
1000.0    520.0   0.0219007
1000.0    560.0   0.0144261
1000.0    600.0   0.0099812
1000.0    640.0   0.0067393
1000.0    680.0   0.0036599
150.0    1   0.0000000
150.0    40.0   0.0000000
150.0    80.0   0.0000000
150.0    120.0   0.0000286
200.0    1   0.0000000
200.0    40.0   0.0000000
200.0    80.0   0.0000000
200.0    120.0   0.0000000
200.0    160.0   0.0000457
250.0    1   0.0000161
250.0    40.0   0.0000160
250.0    80.0   0.0000482
250.0    120.0   0.0000321
250.0    160.0   0.0000482
250.0    200.0   0.0000803
250.0    240.0   0.0000994
300.0    1   0.0001176
300.0    40.0   0.0001004
300.0    80.0   0.0000672
300.0    160.0   0.0000168
300.0    200.0   0.0000504
300.0    240.0   0.0001683
300.0    280.0   0.0002355
350.0    1   0.0002782
350.0    40.0   0.0001573
350.0    80.0   0.0001039
350.0    120.0   0.0002085
350.0    160.0   0.0001742
350.0    200.0   0.0001395
350.0    240.0   0.0001042
350.0    280.0   0.0001915
350.0    320.0   0.0004294
400.0    1   0.0004284
400.0    40.0   0.0003906
400.0    80.0   0.0001787
400.0    120.0   0.0002860
400.0    160.0   0.0001248
400.0    200.0   0.0002676
400.0    240.0   0.0001612
400.0    280.0   0.0001604
400.0    320.0   0.0002861
400.0    360.0   0.0003064
450.0    1   0.0004557
450.0    40.0   0.0008203
450.0    80.0   0.0007298
450.0    120.0   0.0007326
450.0    160.0   0.0004388
450.0    200.0   0.0003852
450.0    240.0   0.0004372
450.0    280.0   0.0002922
450.0    320.0   0.0004036
450.0    360.0   0.0001458
450.0    400.0   0.0006236
450.0    440.0   0.0008450
50.0    40.0   0.0000000
500.0    1   0.0014816
500.0    40.0   0.0015134
500.0    80.0   0.0014142
500.0    120.0   0.0012467
500.0    160.0   0.0008551
500.0    200.0   0.0005410
500.0    240.0   0.0005388
500.0    280.0   0.0005922
500.0    320.0   0.0003901
500.0    360.0   0.0003172
500.0    400.0   0.0002777
500.0    440.0   0.0005198
500.0    480.0   0.0006833
550.0    1   0.0033765
550.0    40.0   0.0030244
550.0    80.0   0.0024008
550.0    120.0   0.0023267
550.0    160.0   0.0022541
550.0    200.0   0.0013489
550.0    240.0   0.0010680
550.0    280.0   0.0008826
550.0    320.0   0.0006779
550.0    360.0   0.0005818
550.0    440.0   0.0006566
550.0    480.0   0.0007666
550.0    520.0   0.0006573
600.0    1   0.0053619
600.0    40.0   0.0057173
600.0    80.0   0.0050269
600.0    120.0   0.0047024
600.0    160.0   0.0034844
600.0    200.0   0.0028842
600.0    240.0   0.0022567
600.0    280.0   0.0015588
600.0    320.0   0.0010460
600.0    360.0   0.0007395
600.0    400.0   0.0007208
600.0    440.0   0.0006667
600.0    480.0   0.0006642
600.0    520.0   0.0006864
600.0    560.0   0.0008474
650.0    1   0.0097681
650.0    40.0   0.0098880
650.0    80.0   0.0098404
650.0    120.0   0.0080773
650.0    160.0   0.0077967
650.0    200.0   0.0052437
650.0    240.0   0.0037483
650.0    280.0   0.0028955
650.0    320.0   0.0022278
650.0    360.0   0.0019451
650.0    400.0   0.0010485
650.0    440.0   0.0012629
650.0    480.0   0.0009735
650.0    520.0   0.0008222
650.0    560.0   0.0008828
650.0    600.0   0.0009242
650.0    640.0   0.0014263
700.0    1   0.0168972
700.0    40.0   0.0164558
700.0    80.0   0.0154992
700.0    120.0   0.0137466
700.0    160.0   0.0123175
700.0    200.0   0.0088977
700.0    240.0   0.0077636
700.0    280.0   0.0050649
700.0    320.0   0.0036684
700.0    360.0   0.0027775
700.0    400.0   0.0020615
700.0    440.0   0.0014080
700.0    480.0   0.0010627
700.0    520.0   0.0012314
700.0    560.0   0.0009815
700.0    600.0   0.0008466
700.0    640.0   0.0013143
700.0    680.0   0.0010822
750.0    1   0.0244793
750.0    40.0   0.0243789
750.0    80.0   0.0234203
750.0    120.0   0.0220777
750.0    160.0   0.0194794
750.0    200.0   0.0157769
750.0    240.0   0.0136552
750.0    280.0   0.0108618
750.0    320.0   0.0074792
750.0    360.0   0.0051853
750.0    400.0   0.0037001
750.0    440.0   0.0027771
750.0    480.0   0.0019964
750.0    520.0   0.0016675
750.0    560.0   0.0010933
750.0    600.0   0.0010975
750.0    640.0   0.0013754
750.0    680.0   0.0014467
800.0    1   0.0314822
800.0    40.0   0.0321821
800.0    80.0   0.0303398
800.0    120.0   0.0301810
800.0    160.0   0.0289384
800.0    200.0   0.0261634
800.0    240.0   0.0226871
800.0    280.0   0.0174774
800.0    320.0   0.0128444
800.0    360.0   0.0098047
800.0    400.0   0.0057883
800.0    440.0   0.0049586
800.0    480.0   0.0032732
800.0    520.0   0.0022095
800.0    560.0   0.0017489
800.0    600.0   0.0015183
800.0    640.0   0.0012675
800.0    680.0   0.0013622
850.0    1   0.0359838
850.0    40.0   0.0378945
850.0    80.0   0.0373094
850.0    120.0   0.0370963
850.0    160.0   0.0349373
850.0    200.0   0.0331901
850.0    240.0   0.0314953
850.0    280.0   0.0260313
850.0    320.0   0.0212006
850.0    360.0   0.0163610
850.0    400.0   0.0113202
850.0    440.0   0.0080264
850.0    480.0   0.0050081
850.0    520.0   0.0036393
850.0    560.0   0.0030064
850.0    600.0   0.0019682
850.0    640.0   0.0014685
850.0    680.0   0.0013446
900.0    1   0.0406340
900.0    40.0   0.0404580
900.0    80.0   0.0395233
900.0    120.0   0.0420137
900.0    160.0   0.0400070
900.0    200.0   0.0395371
900.0    240.0   0.0365820
900.0    280.0   0.0339682
900.0    320.0   0.0328382
900.0    360.0   0.0273444
900.0    400.0   0.0196231
900.0    440.0   0.0160599
900.0    480.0   0.0107865
900.0    520.0   0.0069339
900.0    560.0   0.0043709
900.0    600.0   0.0028867
900.0    640.0   0.0022571
900.0    680.0   0.0019740
950.0    1   0.0402147
950.0    40.0   0.0402352
950.0    80.0   0.0422189
950.0    120.0   0.0410011
950.0    160.0   0.0422022
950.0    200.0   0.0423757
950.0    240.0   0.0427646
950.0    280.0   0.0405632
950.0    320.0   0.0388169
950.0    360.0   0.0357136
950.0    400.0   0.0319689
950.0    440.0   0.0251701
950.0    480.0   0.0181257
950.0    520.0   0.0123531
950.0    560.0   0.0073812
950.0    600.0   0.0055688
950.0    640.0   0.0038648
950.0    680.0   0.0025605
