# MassX , MassY , Eff*Acc  
75.0 25.0 0.0
375.0 25.0 5.0245688e-05
425.0 25.0 1.6334425e-05
525.0 25.0 5.159075e-05
575.0 25.0 1.85328e-05
625.0 25.0 2.4382017e-05
725.0 25.0 9.688098e-06
175.0 75.0 3.01158e-05
275.0 75.0 4.1132112e-05
375.0 75.0 3.0856416e-05
475.0 75.0 1.399944e-05
525.0 75.0 4.989143e-05
575.0 75.0 2.07459e-05
625.0 75.0 9.222717e-06
675.0 75.0 3.82584e-06
225.0 125.0 4.8621041e-05
275.0 125.0 6.6435507e-05
375.0 125.0 3.909789e-05
425.0 125.0 5.0140872e-05
525.0 125.0 2.111928e-05
575.0 125.0 1.763e-05
625.0 125.0 3.3756e-05
725.0 125.0 7.59155e-06
275.0 175.0 0.00010013654
325.0 175.0 7.001496e-05
375.0 175.0 8.746206e-05
475.0 175.0 3.527331e-05
525.0 175.0 2.149739e-05
575.0 175.0 2.9493495e-05
625.0 175.0 4.3004e-06
675.0 175.0 8.5249e-06
375.0 225.0 0.00012646725
425.0 225.0 6.435593e-05
525.0 225.0 4.2288495e-05
575.0 225.0 3.72922e-05
625.0 225.0 1.019875e-05
725.0 225.0 2.80896e-05
375.0 275.0 0.00011681852
475.0 275.0 2.618325e-05
525.0 275.0 4.774068e-05
575.0 275.0 2.019212e-05
625.0 275.0 2.5450292e-05
675.0 275.0 3.30243e-05
525.0 325.0 5.72352e-05
575.0 325.0 2.4821154e-05
625.0 325.0 2.3123293e-05
725.0 325.0 2.4854565e-05
475.0 375.0 0.00015409029
525.0 375.0 5.99229e-05
575.0 375.0 3.4767428e-05
625.0 375.0 3.4175166e-05
675.0 375.0 3.0927375e-05
525.0 425.0 0.00011652984
575.0 425.0 8.644104e-05
625.0 425.0 8.769008e-05
725.0 425.0 6.456039e-05
725.0 475.0 0.0
