# MassX , MassY , Eff*Acc  
112.5 12.5 0.0
162.5 12.5 0.0033108
212.5 12.5 0.017397936
262.5 12.5 0.05334093
312.5 12.5 0.0831252
362.5 12.5 0.10872851
412.5 12.5 0.1320704
462.5 12.5 0.15235614
512.5 12.5 0.1362307
562.5 12.5 0.19402292
612.5 12.5 0.20695506
662.5 12.5 0.20610806
712.5 12.5 0.22111326
187.5 62.5 0.005566143
237.5 62.5 0.02957469
287.5 62.5 0.055165696
337.5 62.5 0.09029266
387.5 62.5 0.12099423
437.5 62.5 0.13558365
487.5 62.5 0.1676598
537.5 62.5 0.18503795
587.5 62.5 0.18941677
637.5 62.5 0.2057195
687.5 62.5 0.21439451
212.5 112.5 0.002092007
262.5 112.5 0.021113372
312.5 112.5 0.059955595
362.5 112.5 0.09172326
412.5 112.5 0.11750679
462.5 112.5 0.13621403
512.5 112.5 0.16062714
562.5 112.5 0.18383156
612.5 112.5 0.1606902
662.5 112.5 0.20353996
712.5 112.5 0.2235168
237.5 137.5 0.0032360835
287.5 162.5 0.01139348
337.5 162.5 0.05110551
387.5 162.5 0.07425144
437.5 162.5 0.11571168
487.5 162.5 0.11710464
537.5 162.5 0.17015972
587.5 162.5 0.18409248
637.5 162.5 0.19708005
687.5 162.5 0.20916225
262.5 187.5 4.60965e-05
287.5 212.5 0.000205799
312.5 212.5 0.004732752
362.5 212.5 0.037090032
412.5 212.5 0.077134982
462.5 212.5 0.11466548
512.5 212.5 0.14299601
562.5 212.5 0.13394788
612.5 212.5 0.1806198
662.5 212.5 0.19168464
712.5 212.5 0.2016876
337.5 262.5 0.0001738335
387.5 262.5 0.020582726
437.5 262.5 0.062318509
487.5 262.5 0.0974798
537.5 262.5 0.13015636
587.5 262.5 0.16314153
637.5 262.5 0.14817981
687.5 262.5 0.19278742
412.5 312.5 0.0065237565
462.5 312.5 0.041045424
512.5 312.5 0.0895917
562.5 312.5 0.12868878
612.5 312.5 0.1575486
662.5 312.5 0.17404632
487.5 362.5 0.023805392
537.5 362.5 0.068057425
587.5 362.5 0.1033848
712.5 387.5 0.0
