#MA5 EffMap for txName: TGQon , Analysis: cms_sus_13_012 , SR: 3NJet6_1000HT1250_600MHTinf
1000    121   0.1259413
1000    161   0.1231369
1000    1   0.1252823
1000    201   0.1202555
1000    241   0.1138232
1000    281   0.1070264
1000    321   0.1022049
1000    361   0.0927042
1000    401   0.0814368
1000    41   0.1245530
1000    441   0.0665543
1000    481   0.0531279
1000    521   0.0400697
1000    561   0.0298301
1000    601   0.0191876
1000    641   0.0129028
1000    681   0.0088944
1000    721   0.0063973
1000    761   0.0053060
1000    801   0.0039055
1000    81   0.1255419
1000    841   0.0037741
1000    881   0.0034785
1000    921   0.0032540
1000    961   0.0027016
1000    980   0.0021592
1000    990   0.0019018
1000    995   0.0020408
100    1   0.0021790
100    41   0.0024012
100    80   0.0060217
100    81   0.0066453
100    90   0.0084697
100    95   0.0091147
150    121   0.0093061
150    130   0.0109896
150    140   0.0109058
150    145   0.0111425
150    1   0.0039239
150    41   0.0046187
150    81   0.0050072
200    121   0.0067517
200    161   0.0109050
200    180   0.0125096
200    190   0.0119255
200    195   0.0126109
200    1   0.0058040
200    41   0.0058942
200    81   0.0059225
250    121   0.0072929
250    161   0.0083986
250    1   0.0081570
250    201   0.0100931
250    230   0.0114402
250    240   0.0104826
250    241   0.0107018
250    245   0.0106281
250    41   0.0074104
250    81   0.0074975
300    121   0.0097527
300    161   0.0096513
300    1   0.0116152
300    201   0.0098932
300    241   0.0134111
300    280   0.0139337
300    281   0.0138064
300    290   0.0119944
300    295   0.0117291
300    41   0.0113511
300    81   0.0100037
350    121   0.0121185
350    161   0.0112045
350    1   0.0133833
350    201   0.0118863
350    241   0.0114425
350    281   0.0137750
350    321   0.0137600
350    330   0.0134085
350    340   0.0117907
350    345   0.0120195
350    41   0.0141887
350    81   0.0141842
400    121   0.0153546
400    161   0.0155438
400    1   0.0187480
400    201   0.0132609
400    241   0.0145000
400    281   0.0123475
400    321   0.0141702
400    361   0.0127895
400    380   0.0125454
400    390   0.0113410
400    395   0.0114059
400    41   0.0195663
400    81   0.0172594
450    121   0.0199088
450    161   0.0182236
450    1   0.0243720
450    201   0.0165261
450    241   0.0154362
450    281   0.0142172
450    321   0.0128945
450    361   0.0129719
450    401   0.0126948
450    41   0.0245896
450    430   0.0115197
450    440   0.0108497
450    441   0.0110400
450    445   0.0111153
450    81   0.0226667
500    121   0.0254374
500    161   0.0231273
500    1   0.0300728
500    201   0.0208600
500    241   0.0187762
500    281   0.0152079
500    321   0.0134053
500    361   0.0126320
500    401   0.0117202
500    41   0.0301568
500    441   0.0126964
500    480   0.0105521
500    481   0.0102971
500    490   0.0098050
500    495   0.0102312
500    81   0.0268877
550    121   0.0343382
550    161   0.0294271
550    1   0.0378689
550    201   0.0256859
550    241   0.0223692
550    281   0.0174331
550    321   0.0156468
550    361   0.0125533
550    401   0.0125567
550    41   0.0349454
550    441   0.0106572
550    481   0.0114092
550    521   0.0089953
550    530   0.0086471
550    540   0.0085239
550    545   0.0075915
550    81   0.0369217
600    121   0.0398480
600    161   0.0362314
600    1   0.0444749
600    201   0.0335968
600    241   0.0277760
600    281   0.0234286
600    321   0.0183135
600    361   0.0154175
600    401   0.0129122
600    41   0.0467165
600    441   0.0111327
600    481   0.0103277
600    521   0.0099191
600    561   0.0091410
600    580   0.0077806
600    590   0.0075743
600    595   0.0068908
600    81   0.0421238
650    121   0.0514503
650    161   0.0455805
650    1   0.0567730
650    201   0.0421273
650    241   0.0354492
650    281   0.0285348
650    321   0.0229363
650    361   0.0179102
650    401   0.0138678
650    41   0.0551292
650    441   0.0116116
650    481   0.0098194
650    521   0.0081511
650    561   0.0076618
650    601   0.0072392
650    630   0.0064454
650    640   0.0063224
650    641   0.0061998
650    645   0.0062192
650    81   0.0530735
700    121   0.0594625
700    161   0.0556987
700    1   0.0653289
700    201   0.0499337
700    241   0.0435050
700    281   0.0354051
700    321   0.0292469
700    361   0.0231833
700    41   0.0667286
700    481   0.0100608
700    521   0.0090956
700    561   0.0079997
700    601   0.0068172
700    641   0.0063398
700    680   0.0048396
700    681   0.0055176
700    690   0.0049655
700    695   0.0046582
700    81   0.0638825
750    121   0.0712633
750    161   0.0676546
750    1   0.0779810
750    201   0.0614696
750    241   0.0539371
750    281   0.0467968
750    321   0.0375098
750    41   0.0782622
750    601   0.0062608
750    641   0.0050781
750    681   0.0052697
750    730   0.0040428
750    740   0.0044095
750    745   0.0042205
750    81   0.0756693
800    121   0.0852747
800    161   0.0830164
800    201   0.0762657
800    361   0.0394737
800    401   0.0293408
800    41   0.0921673
800    441   0.0210250
800    481   0.0163944
800    521   0.0110903
800    561   0.0079546
800    601   0.0066879
800    641   0.0052705
800    681   0.0045479
800    721   0.0044573
800    761   0.0038968
800    81   0.0892626
850    121   0.0977515
850    161   0.0955923
850    201   0.0875964
850    241   0.0847869
850    281   0.0654206
850    321   0.0654468
850    361   0.0527977
850    401   0.0402339
850    441   0.0302635
850    481   0.0200634
850    521   0.0156166
850    561   0.0100625
850    601   0.0073689
850    641   0.0055549
850    681   0.0045935
850    721   0.0044187
850    761   0.0039032
850    801   0.0036887
850    81   0.1011772
850    841   0.0032895
900    121   0.1094673
900    161   0.1092372
900    1   0.1155556
900    201   0.1045824
900    241   0.0955718
900    281   0.0901849
900    321   0.0791376
900    361   0.0663608
900    401   0.0531123
900    41   0.1173138
900    441   0.0413798
900    481   0.0300043
900    521   0.0205827
900    561   0.0136274
900    601   0.0094238
900    641   0.0071179
900    681   0.0059043
900    721   0.0042098
900    761   0.0044776
900    801   0.0039266
900    81   0.1150059
900    841   0.0033542
900    880   0.0030924
900    881   0.0029281
900    890   0.0027970
950    121   0.1229779
950    161   0.1176529
950    1   0.1256371
950    201   0.1128176
950    241   0.1112585
950    281   0.1034561
950    321   0.0913223
950    361   0.0824572
950    401   0.0682164
950    41   0.1216589
950    441   0.0543109
950    481   0.0410728
950    521   0.0297372
950    561   0.0205353
950    601   0.0130197
950    641   0.0093082
950    681   0.0068917
950    721   0.0049422
950    761   0.0044037
950    801   0.0037176
950    81   0.1223257
950    841   0.0034370
950    881   0.0028513
950    921   0.0024963
950    930   0.0023936
950    940   0.0026533
950    945   0.0023361
