#MA5 EffMap for txName: T6bbWW , Analysis: cms_sus_13_012 , SR: 6NJet8_1000HT1250_200MHT300
100.0    1   0.0000000
100.0    40.0   0.0000000
100.0    80.0   0.0000000
1000.0    1   0.0050912
1000.0    40.0   0.0052439
1000.0    80.0   0.0055525
1000.0    120.0   0.0060984
1000.0    160.0   0.0061553
1000.0    200.0   0.0067808
1000.0    240.0   0.0074849
1000.0    280.0   0.0082118
1000.0    320.0   0.0086900
1000.0    360.0   0.0096987
1000.0    400.0   0.0101121
1000.0    440.0   0.0104150
1000.0    480.0   0.0092718
1000.0    520.0   0.0084754
1000.0    560.0   0.0074659
1000.0    600.0   0.0061868
1000.0    640.0   0.0045161
1000.0    680.0   0.0028486
150.0    80.0   0.0000139
150.0    120.0   0.0000140
150.0    1   0.0000140
150.0    40.0   0.0000139
200.0    1   0.0000304
200.0    40.0   0.0000754
200.0    80.0   0.0000454
200.0    120.0   0.0000605
200.0    160.0   0.0000152
250.0    1   0.0001438
250.0    40.0   0.0000161
250.0    80.0   0.0002721
250.0    120.0   0.0001286
250.0    160.0   0.0000322
250.0    200.0   0.0000161
250.0    240.0   0.0000000
300.0    1   0.0004020
300.0    40.0   0.0004711
300.0    80.0   0.0003353
300.0    120.0   0.0002365
300.0    160.0   0.0002184
300.0    200.0   0.0000335
300.0    240.0   0.0000000
300.0    280.0   0.0000170
350.0    1   0.0010829
350.0    40.0   0.0009214
350.0    80.0   0.0009497
350.0    120.0   0.0006776
350.0    160.0   0.0005561
350.0    200.0   0.0002956
350.0    240.0   0.0000695
350.0    280.0   0.0000697
350.0    320.0   0.0000349
400.0    1   0.0018942
400.0    40.0   0.0019152
400.0    80.0   0.0016675
400.0    120.0   0.0011869
400.0    160.0   0.0011985
400.0    200.0   0.0005571
400.0    240.0   0.0002842
400.0    280.0   0.0000535
400.0    320.0   0.0000178
400.0    360.0   0.0000000
450.0    1   0.0030612
450.0    40.0   0.0034601
450.0    80.0   0.0027443
450.0    120.0   0.0019681
450.0    160.0   0.0014620
450.0    200.0   0.0012941
450.0    240.0   0.0008979
450.0    280.0   0.0005109
450.0    320.0   0.0001826
450.0    360.0   0.0000730
450.0    400.0   0.0000183
450.0    440.0   0.0000000
50.0    1   0.0000000
50.0    40.0   0.0000000
500.0    1   0.0052213
500.0    40.0   0.0042483
500.0    80.0   0.0040824
500.0    120.0   0.0031596
500.0    160.0   0.0028101
500.0    200.0   0.0019094
500.0    240.0   0.0013901
500.0    280.0   0.0009816
500.0    320.0   0.0005570
500.0    360.0   0.0002588
500.0    400.0   0.0000924
500.0    440.0   0.0000185
500.0    480.0   0.0000000
550.0    1   0.0065022
550.0    40.0   0.0066051
550.0    80.0   0.0061574
550.0    120.0   0.0053078
550.0    160.0   0.0043064
550.0    200.0   0.0029591
550.0    240.0   0.0026720
550.0    280.0   0.0016300
550.0    320.0   0.0012242
550.0    360.0   0.0006744
550.0    400.0   0.0003575
550.0    440.0   0.0001505
550.0    480.0   0.0000567
550.0    520.0   0.0000189
600.0    1   0.0097818
600.0    40.0   0.0091625
600.0    80.0   0.0082524
600.0    120.0   0.0073301
600.0    160.0   0.0065067
600.0    200.0   0.0053010
600.0    240.0   0.0035904
600.0    280.0   0.0026249
600.0    320.0   0.0016583
600.0    360.0   0.0010663
600.0    400.0   0.0007243
600.0    440.0   0.0003413
600.0    480.0   0.0000378
600.0    520.0   0.0000379
600.0    560.0   0.0000379
650.0    1   0.0109682
650.0    40.0   0.0108138
650.0    80.0   0.0096890
650.0    120.0   0.0091682
650.0    160.0   0.0083773
650.0    200.0   0.0066271
650.0    240.0   0.0058116
650.0    280.0   0.0040948
650.0    320.0   0.0026988
650.0    360.0   0.0022016
650.0    400.0   0.0011844
650.0    440.0   0.0008978
650.0    480.0   0.0003452
650.0    520.0   0.0000767
650.0    560.0   0.0000191
650.0    600.0   0.0000382
650.0    640.0   0.0000213
700.0    1   0.0113792
700.0    40.0   0.0115401
700.0    80.0   0.0111493
700.0    120.0   0.0105069
700.0    160.0   0.0095134
700.0    200.0   0.0086248
700.0    240.0   0.0079772
700.0    280.0   0.0057167
700.0    320.0   0.0047900
700.0    360.0   0.0037053
700.0    400.0   0.0023920
700.0    440.0   0.0014266
700.0    480.0   0.0009629
700.0    520.0   0.0004428
700.0    560.0   0.0001728
700.0    600.0   0.0000193
700.0    640.0   0.0000000
700.0    680.0   0.0000000
750.0    1   0.0105692
750.0    40.0   0.0115260
750.0    80.0   0.0124756
750.0    120.0   0.0101076
750.0    160.0   0.0107130
750.0    200.0   0.0097352
750.0    240.0   0.0085353
750.0    280.0   0.0086908
750.0    320.0   0.0063012
750.0    360.0   0.0055979
750.0    400.0   0.0035512
750.0    440.0   0.0027344
750.0    480.0   0.0017144
750.0    520.0   0.0009299
750.0    560.0   0.0004247
750.0    600.0   0.0001741
750.0    640.0   0.0001158
750.0    680.0   0.0000384
800.0    1   0.0099493
800.0    40.0   0.0101513
800.0    80.0   0.0108263
800.0    120.0   0.0105516
800.0    160.0   0.0110245
800.0    200.0   0.0106020
800.0    240.0   0.0105521
800.0    280.0   0.0095623
800.0    320.0   0.0073885
800.0    360.0   0.0071613
800.0    400.0   0.0060721
800.0    440.0   0.0040675
800.0    480.0   0.0032778
800.0    520.0   0.0020414
800.0    560.0   0.0013207
800.0    600.0   0.0004476
800.0    640.0   0.0002142
800.0    680.0   0.0000776
850.0    1   0.0099313
850.0    40.0   0.0100751
850.0    80.0   0.0090194
850.0    120.0   0.0102653
850.0    160.0   0.0099158
850.0    200.0   0.0103277
850.0    240.0   0.0107527
850.0    280.0   0.0097078
850.0    320.0   0.0096418
850.0    360.0   0.0089822
850.0    400.0   0.0084589
850.0    440.0   0.0055952
850.0    480.0   0.0045297
850.0    520.0   0.0030187
850.0    560.0   0.0019666
850.0    600.0   0.0014587
850.0    640.0   0.0006624
850.0    680.0   0.0003735
900.0    1   0.0073768
900.0    40.0   0.0077272
900.0    80.0   0.0086855
900.0    120.0   0.0081008
900.0    160.0   0.0091969
900.0    200.0   0.0096173
900.0    240.0   0.0097505
900.0    280.0   0.0097592
900.0    320.0   0.0112204
900.0    360.0   0.0104551
900.0    400.0   0.0087026
900.0    440.0   0.0077004
900.0    480.0   0.0069548
900.0    520.0   0.0056448
900.0    560.0   0.0037192
900.0    600.0   0.0021305
900.0    640.0   0.0015419
900.0    680.0   0.0008360
950.0    1   0.0063568
950.0    40.0   0.0067173
950.0    80.0   0.0062344
950.0    120.0   0.0071409
950.0    160.0   0.0072048
950.0    200.0   0.0070889
950.0    240.0   0.0081261
950.0    280.0   0.0099197
950.0    320.0   0.0100692
950.0    360.0   0.0103655
950.0    400.0   0.0099203
950.0    440.0   0.0095738
950.0    480.0   0.0088915
950.0    520.0   0.0066477
950.0    560.0   0.0051760
950.0    600.0   0.0041413
950.0    640.0   0.0026026
950.0    680.0   0.0016961
