#MA5 EffMap for txName: T6bbWW , Analysis: cms_sus_13_012 , SR: 6NJet8_1000HT1250_450MHTinf
100.0    1   0.0000000
100.0    40.0   0.0000000
100.0    80.0   0.0000000
1000.0    1   0.0126300
1000.0    40.0   0.0128447
1000.0    80.0   0.0133143
1000.0    120.0   0.0137409
1000.0    160.0   0.0152713
1000.0    200.0   0.0160824
1000.0    240.0   0.0161589
1000.0    280.0   0.0153873
1000.0    320.0   0.0153943
1000.0    360.0   0.0148115
1000.0    400.0   0.0137376
1000.0    440.0   0.0114097
1000.0    480.0   0.0093502
1000.0    520.0   0.0066551
1000.0    560.0   0.0057700
1000.0    600.0   0.0039210
1000.0    640.0   0.0031672
1000.0    680.0   0.0020487
150.0    80.0   0.0000000
150.0    120.0   0.0000000
150.0    1   0.0000000
150.0    40.0   0.0000000
200.0    1   0.0000000
200.0    40.0   0.0000000
200.0    80.0   0.0000151
200.0    120.0   0.0000000
200.0    160.0   0.0000000
250.0    1   0.0000000
250.0    40.0   0.0000000
250.0    80.0   0.0000160
250.0    120.0   0.0000161
250.0    160.0   0.0000161
250.0    200.0   0.0000482
250.0    240.0   0.0000179
300.0    1   0.0000335
300.0    40.0   0.0000000
300.0    80.0   0.0000168
300.0    120.0   0.0000338
300.0    160.0   0.0000672
300.0    200.0   0.0000167
300.0    240.0   0.0001176
300.0    280.0   0.0000170
350.0    1   0.0000873
350.0    40.0   0.0000695
350.0    80.0   0.0000345
350.0    120.0   0.0001042
350.0    160.0   0.0000695
350.0    200.0   0.0000522
350.0    240.0   0.0000521
350.0    280.0   0.0000697
350.0    320.0   0.0000699
400.0    1   0.0001430
400.0    40.0   0.0001253
400.0    80.0   0.0001255
400.0    120.0   0.0001079
400.0    160.0   0.0000537
400.0    200.0   0.0000719
400.0    240.0   0.0001243
400.0    280.0   0.0001784
400.0    320.0   0.0000357
400.0    360.0   0.0000358
450.0    1   0.0003300
450.0    40.0   0.0002929
450.0    80.0   0.0003293
450.0    120.0   0.0003098
450.0    160.0   0.0002010
450.0    200.0   0.0003099
450.0    240.0   0.0002932
450.0    280.0   0.0002737
450.0    320.0   0.0001461
450.0    360.0   0.0001460
450.0    400.0   0.0001279
450.0    440.0   0.0000810
50.0    1   0.0000000
50.0    40.0   0.0000000
500.0    1   0.0008147
500.0    40.0   0.0005194
500.0    80.0   0.0005172
500.0    120.0   0.0005728
500.0    160.0   0.0004252
500.0    200.0   0.0004820
500.0    240.0   0.0003707
500.0    280.0   0.0003149
500.0    320.0   0.0001857
500.0    360.0   0.0002218
500.0    400.0   0.0001478
500.0    440.0   0.0001298
500.0    480.0   0.0000187
550.0    1   0.0009960
550.0    40.0   0.0008819
550.0    80.0   0.0008850
550.0    120.0   0.0010540
550.0    160.0   0.0009066
550.0    200.0   0.0007117
550.0    240.0   0.0005645
550.0    280.0   0.0008244
550.0    320.0   0.0004520
550.0    360.0   0.0004683
550.0    400.0   0.0003387
550.0    440.0   0.0002070
550.0    480.0   0.0000567
550.0    520.0   0.0000000
600.0    1   0.0017061
600.0    40.0   0.0021202
600.0    80.0   0.0017264
600.0    120.0   0.0017615
600.0    160.0   0.0012747
600.0    200.0   0.0011210
600.0    240.0   0.0009878
600.0    280.0   0.0007989
600.0    320.0   0.0004956
600.0    360.0   0.0007426
600.0    400.0   0.0003431
600.0    440.0   0.0005309
600.0    480.0   0.0004155
600.0    520.0   0.0001708
600.0    560.0   0.0000759
650.0    1   0.0027612
650.0    40.0   0.0029772
650.0    80.0   0.0030063
650.0    120.0   0.0025021
650.0    160.0   0.0023717
650.0    200.0   0.0021130
650.0    240.0   0.0018926
650.0    280.0   0.0012761
650.0    320.0   0.0012059
650.0    360.0   0.0009955
650.0    400.0   0.0007451
650.0    440.0   0.0006686
650.0    480.0   0.0006329
650.0    520.0   0.0004216
650.0    560.0   0.0001907
650.0    600.0   0.0000574
650.0    640.0   0.0000213
700.0    1   0.0040185
700.0    40.0   0.0050861
700.0    80.0   0.0041258
700.0    120.0   0.0040796
700.0    160.0   0.0043137
700.0    200.0   0.0036113
700.0    240.0   0.0029218
700.0    280.0   0.0019818
700.0    320.0   0.0021459
700.0    360.0   0.0015167
700.0    400.0   0.0009838
700.0    440.0   0.0009254
700.0    480.0   0.0007511
700.0    520.0   0.0007123
700.0    560.0   0.0004608
700.0    600.0   0.0003862
700.0    640.0   0.0001157
700.0    680.0   0.0000580
750.0    1   0.0068787
750.0    40.0   0.0069697
750.0    80.0   0.0067399
750.0    120.0   0.0069768
750.0    160.0   0.0056354
750.0    200.0   0.0048966
750.0    240.0   0.0046925
750.0    280.0   0.0039486
750.0    320.0   0.0026399
750.0    360.0   0.0022006
750.0    400.0   0.0016883
750.0    440.0   0.0014442
750.0    480.0   0.0011943
750.0    520.0   0.0012979
750.0    560.0   0.0006564
750.0    600.0   0.0004837
750.0    640.0   0.0003666
750.0    680.0   0.0000961
800.0    1   0.0087639
800.0    40.0   0.0090664
800.0    80.0   0.0087697
800.0    120.0   0.0091473
800.0    160.0   0.0090024
800.0    200.0   0.0072889
800.0    240.0   0.0074234
800.0    280.0   0.0061028
800.0    320.0   0.0046276
800.0    360.0   0.0035904
800.0    400.0   0.0028324
800.0    440.0   0.0024405
800.0    480.0   0.0018145
800.0    520.0   0.0012443
800.0    560.0   0.0013207
800.0    600.0   0.0011094
800.0    640.0   0.0008761
800.0    680.0   0.0004266
850.0    1   0.0110564
850.0    40.0   0.0114054
850.0    80.0   0.0116354
850.0    120.0   0.0119078
850.0    160.0   0.0109678
850.0    200.0   0.0103865
850.0    240.0   0.0098761
850.0    280.0   0.0087312
850.0    320.0   0.0072265
850.0    360.0   0.0056187
850.0    400.0   0.0045608
850.0    440.0   0.0031106
850.0    480.0   0.0024107
850.0    520.0   0.0021423
850.0    560.0   0.0014603
850.0    600.0   0.0013809
850.0    640.0   0.0013247
850.0    680.0   0.0011992
900.0    1   0.0115421
900.0    40.0   0.0124341
900.0    80.0   0.0128233
900.0    120.0   0.0131443
900.0    160.0   0.0138932
900.0    200.0   0.0136440
900.0    240.0   0.0117319
900.0    280.0   0.0112007
900.0    320.0   0.0107325
900.0    360.0   0.0086317
900.0    400.0   0.0069270
900.0    440.0   0.0053942
900.0    480.0   0.0041611
900.0    520.0   0.0032976
900.0    560.0   0.0023417
900.0    600.0   0.0019155
900.0    640.0   0.0015029
900.0    680.0   0.0013026
950.0    1   0.0117999
950.0    40.0   0.0135709
950.0    80.0   0.0145274
950.0    120.0   0.0144764
950.0    160.0   0.0154894
950.0    200.0   0.0147636
950.0    240.0   0.0150382
950.0    280.0   0.0144800
950.0    320.0   0.0123612
950.0    360.0   0.0119497
950.0    400.0   0.0101737
950.0    440.0   0.0082033
950.0    480.0   0.0064736
950.0    520.0   0.0049711
950.0    560.0   0.0038478
950.0    600.0   0.0033990
950.0    640.0   0.0022895
950.0    680.0   0.0019886
