#MA5 EffMap for txName: T6bbWW , Analysis: cms_sus_13_012 , SR: 3NJet6_500HT800_200MHT300
100.0    1   0.0001000
100.0    40.0   0.0002124
100.0    80.0   0.0003028
1000.0    1   0.0062073
1000.0    40.0   0.0064027
1000.0    80.0   0.0077422
1000.0    120.0   0.0081312
1000.0    160.0   0.0084148
1000.0    200.0   0.0097510
1000.0    240.0   0.0113833
1000.0    280.0   0.0138036
1000.0    320.0   0.0163577
1000.0    360.0   0.0206268
1000.0    400.0   0.0252606
1000.0    440.0   0.0319863
1000.0    480.0   0.0385573
1000.0    520.0   0.0474270
1000.0    560.0   0.0558869
1000.0    600.0   0.0634248
1000.0    640.0   0.0652004
1000.0    680.0   0.0588844
150.0    80.0   0.0011814
150.0    120.0   0.0008234
150.0    1   0.0005454
150.0    40.0   0.0005983
200.0    1   0.0011231
200.0    40.0   0.0009505
200.0    80.0   0.0021954
200.0    120.0   0.0023602
200.0    160.0   0.0013201
250.0    1   0.0031791
250.0    40.0   0.0025215
250.0    80.0   0.0018889
250.0    120.0   0.0037774
250.0    160.0   0.0034245
250.0    200.0   0.0021355
250.0    240.0   0.0012141
300.0    1   0.0082416
300.0    40.0   0.0082784
300.0    80.0   0.0071249
300.0    120.0   0.0049839
300.0    160.0   0.0056949
300.0    200.0   0.0047894
300.0    240.0   0.0031261
300.0    280.0   0.0015601
350.0    1   0.0189852
350.0    40.0   0.0198880
350.0    80.0   0.0163869
350.0    120.0   0.0120402
350.0    160.0   0.0082718
350.0    200.0   0.0083280
350.0    240.0   0.0065473
350.0    280.0   0.0038885
350.0    320.0   0.0017470
400.0    1   0.0369014
400.0    40.0   0.0369608
400.0    80.0   0.0313055
400.0    120.0   0.0243126
400.0    160.0   0.0176732
400.0    200.0   0.0115004
400.0    240.0   0.0094309
400.0    280.0   0.0081884
400.0    320.0   0.0052946
400.0    360.0   0.0026319
450.0    1   0.0512712
450.0    40.0   0.0535682
450.0    80.0   0.0466895
450.0    120.0   0.0410015
450.0    160.0   0.0317440
450.0    200.0   0.0234033
450.0    240.0   0.0165830
450.0    280.0   0.0111310
450.0    320.0   0.0096970
450.0    360.0   0.0058597
450.0    400.0   0.0034358
450.0    440.0   0.0023093
50.0    1   0.0000112
50.0    40.0   0.0000873
500.0    1   0.0597667
500.0    40.0   0.0609602
500.0    80.0   0.0618269
500.0    120.0   0.0579823
500.0    160.0   0.0489915
500.0    200.0   0.0389300
500.0    240.0   0.0282103
500.0    280.0   0.0192439
500.0    320.0   0.0136831
500.0    360.0   0.0116083
500.0    400.0   0.0076880
500.0    440.0   0.0042465
500.0    480.0   0.0024517
550.0    1   0.0615827
550.0    40.0   0.0625422
550.0    80.0   0.0648314
550.0    120.0   0.0635058
550.0    160.0   0.0623300
550.0    200.0   0.0548564
550.0    240.0   0.0446711
550.0    280.0   0.0328631
550.0    320.0   0.0241629
550.0    360.0   0.0159598
550.0    400.0   0.0121931
550.0    440.0   0.0088251
550.0    480.0   0.0046662
550.0    520.0   0.0023976
600.0    1   0.0534966
600.0    40.0   0.0555051
600.0    80.0   0.0573114
600.0    120.0   0.0624479
600.0    160.0   0.0657712
600.0    200.0   0.0622815
600.0    240.0   0.0601824
600.0    280.0   0.0499116
600.0    320.0   0.0395136
600.0    360.0   0.0290556
600.0    400.0   0.0192308
600.0    440.0   0.0135945
600.0    480.0   0.0097073
600.0    520.0   0.0059770
600.0    560.0   0.0027119
650.0    1   0.0430481
650.0    40.0   0.0438699
650.0    80.0   0.0465878
650.0    120.0   0.0513609
650.0    160.0   0.0566713
650.0    200.0   0.0615840
650.0    240.0   0.0637175
650.0    280.0   0.0626988
650.0    320.0   0.0559097
650.0    360.0   0.0441658
650.0    400.0   0.0320948
650.0    440.0   0.0230364
650.0    480.0   0.0143463
650.0    520.0   0.0115368
650.0    560.0   0.0058914
650.0    600.0   0.0033269
650.0    640.0   0.0029605
700.0    1   0.0312011
700.0    40.0   0.0351790
700.0    80.0   0.0378231
700.0    120.0   0.0416234
700.0    160.0   0.0461995
700.0    200.0   0.0529784
700.0    240.0   0.0596083
700.0    280.0   0.0629407
700.0    320.0   0.0661787
700.0    360.0   0.0593814
700.0    400.0   0.0489979
700.0    440.0   0.0370727
700.0    480.0   0.0233799
700.0    520.0   0.0168062
700.0    560.0   0.0122298
700.0    600.0   0.0073569
700.0    640.0   0.0039717
700.0    680.0   0.0024959
750.0    1   0.0242300
750.0    40.0   0.0253881
750.0    80.0   0.0280605
750.0    120.0   0.0312699
750.0    160.0   0.0361972
750.0    200.0   0.0428892
750.0    240.0   0.0477745
750.0    280.0   0.0554738
750.0    320.0   0.0613354
750.0    360.0   0.0634688
750.0    400.0   0.0624078
750.0    440.0   0.0540140
750.0    480.0   0.0422044
750.0    520.0   0.0287092
750.0    560.0   0.0191899
750.0    600.0   0.0138733
750.0    640.0   0.0091276
750.0    680.0   0.0046514
800.0    1   0.0175861
800.0    40.0   0.0189853
800.0    80.0   0.0219243
800.0    120.0   0.0241067
800.0    160.0   0.0273765
800.0    200.0   0.0320399
800.0    240.0   0.0383412
800.0    280.0   0.0442548
800.0    320.0   0.0510004
800.0    360.0   0.0591438
800.0    400.0   0.0639222
800.0    440.0   0.0648666
800.0    480.0   0.0577711
800.0    520.0   0.0454740
800.0    560.0   0.0318139
800.0    600.0   0.0215449
800.0    640.0   0.0154781
800.0    680.0   0.0101999
850.0    1   0.0138884
850.0    40.0   0.0145160
850.0    80.0   0.0162232
850.0    120.0   0.0188491
850.0    160.0   0.0196564
850.0    200.0   0.0242808
850.0    240.0   0.0291803
850.0    280.0   0.0334010
850.0    320.0   0.0401839
850.0    360.0   0.0492272
850.0    400.0   0.0558598
850.0    440.0   0.0625257
850.0    480.0   0.0637855
850.0    520.0   0.0595361
850.0    560.0   0.0492036
850.0    600.0   0.0356323
850.0    640.0   0.0238647
850.0    680.0   0.0155897
900.0    1   0.0105495
900.0    40.0   0.0109435
900.0    80.0   0.0130770
900.0    120.0   0.0142932
900.0    160.0   0.0150673
900.0    200.0   0.0186481
900.0    240.0   0.0212862
900.0    280.0   0.0257909
900.0    320.0   0.0294072
900.0    360.0   0.0371261
900.0    400.0   0.0452106
900.0    440.0   0.0536294
900.0    480.0   0.0592522
900.0    520.0   0.0652157
900.0    560.0   0.0631469
900.0    600.0   0.0550995
900.0    640.0   0.0384112
900.0    680.0   0.0260712
950.0    1   0.0087090
950.0    40.0   0.0086643
950.0    80.0   0.0092340
950.0    120.0   0.0108962
950.0    160.0   0.0124465
950.0    200.0   0.0138067
950.0    240.0   0.0159585
950.0    280.0   0.0192548
950.0    320.0   0.0220385
950.0    360.0   0.0275176
950.0    400.0   0.0348672
950.0    440.0   0.0414276
950.0    480.0   0.0507361
950.0    520.0   0.0556184
950.0    560.0   0.0626587
950.0    600.0   0.0638967
950.0    640.0   0.0549098
950.0    680.0   0.0448209
