# MassX , MassY , Eff*Acc  
150.0 0.0 7.16322207484e-05
152.5 22.5 3.36028439723e-05
152.5 22.5 3.59199642344e-05
162.5 12.5 7.98971140806e-05
165.0 35.0 2.06822106341e-05
165.0 35.0 2.4168631417e-05
175.0 0.0 0.000106020814411
175.0 25.0 0.000113874246451
177.5 47.5 1.68489364686e-05
177.5 47.5 2.00654725102e-05
187.5 12.5 0.000138846559798
187.5 37.5 0.000107020709437
190.0 60.0 2.75267723627e-05
190.0 60.0 3.10458851475e-05
200.0 0.0 0.00017080721375
200.0 25.0 0.000100495386323
200.0 50.0 0.00010621599358
202.5 72.5 6.76461068632e-06
202.5 72.5 7.26967045035e-06
212.5 12.5 0.000186176500294
212.5 37.5 0.000116874893802
212.5 62.5 0.000140882369615
215.0 85.0 1.57955220491e-05
215.0 85.0 2.08302590264e-05
225.0 0.0 0.000180727527834
225.0 25.0 0.000158349907359
225.0 50.0 0.000216518141753
225.0 75.0 0.000112911384369
237.5 12.5 0.000344067387447
227.5 97.5 1.28845549451e-05
227.5 97.5 1.27862018174e-05
237.5 37.5 0.000219269134343
237.5 62.5 0.000231241148826
237.5 87.5 8.00823078515e-05
240.0 110.0 7.52102823031e-06
240.0 110.0 6.43738170768e-06
250.0 0.0 0.00028345527329
250.0 25.0 0.000158822102537
250.0 50.0 0.000224920515444
250.0 75.0 0.000194317450917
250.0 100.0 0.000104007353972
262.5 12.5 0.000275148970745
262.5 37.5 0.000181368770908
262.5 62.5 0.000308336902791
262.5 87.5 0.000168371310239
275.0 0.0 0.000302821273579
275.0 25.0 0.000372322465926
275.0 50.0 0.000185186755522
275.0 75.0 0.000204949251747
287.5 12.5 0.00026016129074
287.5 37.5 0.000271866944987
287.5 62.5 0.000338479310618
300.0 0.0 0.000289351358974
300.0 25.0 0.000348552196782
300.0 50.0 0.000306510991593
300.0 100.0 0.000271518830587
300.0 75.0 0.000269863032542
312.5 12.5 0.000457867199463
312.5 37.5 0.000402262484117
325.0 0.0 0.000439468851651
325.0 25.0 0.000417272674698
325.0 50.0 0.000314640622628
325.0 75.0 0.000398622578393
325.0 100.0 0.000304277454891
337.5 12.5 0.000425239331612
350.0 0.0 0.000583880256932
350.0 25.0 0.000416661414485
350.0 50.0 0.000426236247691
350.0 75.0 0.000353999375181
350.0 100.0 0.000497813414598
375.0 0.0 0.00047484789512
375.0 25.0 0.000469184820434
375.0 50.0 0.000579453365144
375.0 75.0 0.000589075606418
400.0 0.0 0.000617846541947
400.0 25.0 0.000547798853329
400.0 50.0 0.000441026575365
425.0 0.0 0.000523336644087
425.0 25.0 0.000547903325763
450.0 0.0 0.000641214610485
400.0 75.0 0.00049437746074
425.0 50.0 0.000674352477122
425.0 75.0 0.000611418998766
450.0 25.0 0.000766104827602
450.0 50.0 0.000646228843398
475.0 0.0 0.000697907482103
475.0 25.0 0.000713039409465
500.0 0.0 0.000529961412492
275.0 100.0 0.00013832952503
375.0 100.0 0.000422131568248
400.0 100.0 0.000499924364552
425.0 100.0 0.000599707017261
450.0 100.0 0.000529831629699
475.0 100.0 0.000647480443456
450.0 75.0 0.000612364829051
475.0 75.0 0.000679950097743
500.0 75.0 0.000772155575813
475.0 50.0 0.000625001840954
500.0 50.0 0.000625652303644
525.0 50.0 0.000673141522077
500.0 25.0 0.000604854509342
525.0 25.0 0.000716518605336
550.0 25.0 0.000611877248082
575.0 25.0 0.000671456892565
525.0 0.0 0.000814399383398
550.0 0.0 0.000635456195754
575.0 0.0 0.000662822160186
600.0 0.0 0.000738531917448
275.0 145.0 9.74768740585e-05
275.0 125.0 0.000105038145248
300.0 125.0 0.00022026454356
325.0 125.0 0.000214887195062
350.0 125.0 0.000468126458935
375.0 125.0 0.000368997214081
400.0 125.0 0.000502469057298
425.0 125.0 0.000494828254418
450.0 125.0 0.000730431567392
300.0 170.0 7.1784419027e-05
300.0 150.0 6.01122126555e-05
325.0 150.0 0.000239316527563
350.0 150.0 0.000206142994528
375.0 150.0 0.000403279884421
400.0 150.0 0.000464252018029
425.0 150.0 0.000527739917025
450.0 150.0 0.000695469396999
325.0 190.0 5.30566989262e-05
325.0 175.0 0.000134280198166
350.0 175.0 0.000231778040461
375.0 175.0 0.000261181139013
400.0 175.0 0.000309218529769
425.0 175.0 0.000426722261091
450.0 175.0 0.000456430714723
350.0 200.0 8.94745246418e-05
375.0 200.0 0.000203729020461
400.0 200.0 0.0002417339254
425.0 200.0 0.000310089248368
450.0 200.0 0.000482837584775
500.0 100.0 0.000675427010337
500.0 125.0 0.000692463454496
500.0 150.0 0.000649822428827
475.0 150.0 0.000548436845605
475.0 125.0 0.000589389023767
525.0 75.0 0.000718659294299
525.0 100.0 0.000731903114303
525.0 125.0 0.000887088968712
550.0 50.0 0.000852104824763
550.0 75.0 0.000536723081563
550.0 100.0 0.000766495324588
550.0 125.0 0.000939629002958
575.0 50.0 0.000697849768047
575.0 75.0 0.000765488479788
575.0 100.0 0.000619109833875
575.0 125.0 0.000808333393275
600.0 15.0 0.00105908743096
600.0 50.0 0.000686899873138
600.0 75.0 0.000760125752163
600.0 100.0 0.0007461621962
600.0 125.0 0.000897173230412
625.0 0.0 0.000844108979654
625.0 25.0 0.00086353714032
625.0 50.0 0.000894122350873
625.0 75.0 0.00069004923855
625.0 100.0 0.000707614755325
650.0 0.0 0.000654951649973
650.0 25.0 0.000848121674105
650.0 50.0 0.000656458378997
650.0 75.0 0.000673154142419
650.0 100.0 0.000703578649871
675.0 0.0 0.000895865760462
675.0 25.0 0.000756038084909
675.0 50.0 0.000721540413416
675.0 75.0 0.000594318682868
675.0 100.0 0.00106495271917
700.0 0.0 0.0008106534133
700.0 25.0 0.000723828161284
700.0 50.0 0.000654523191202
750.0 0.0 0.000608931734937
750.0 25.0 0.000724605227074
750.0 50.0 0.000762325282069
800.0 0.0 0.000687170018311
800.0 25.0 0.000717670030754
800.0 50.0 0.000495222844276
375.0 225.0 7.27043895412e-05
400.0 225.0 0.00017599416191
400.0 250.0 9.20626272549e-05
425.0 225.0 0.000245482927873
425.0 250.0 0.00015287064209
450.0 225.0 0.000287699576661
450.0 250.0 0.000271822217039
475.0 175.0 0.000416517518097
475.0 200.0 0.000592287155673
475.0 225.0 0.000502182806439
475.0 250.0 0.000531353466053
500.0 175.0 0.000498172637031
500.0 200.0 0.000652895029788
500.0 225.0 0.000500308438829
500.0 250.0 0.000529640783936
525.0 150.0 0.000558531215795
525.0 175.0 0.000634512920123
525.0 200.0 0.000534997219203
525.0 225.0 0.000715053922974
525.0 250.0 0.000875904043366
550.0 150.0 0.000747351777348
550.0 175.0 0.000771516270349
550.0 200.0 0.000761685661608
550.0 225.0 0.000490971754036
550.0 250.0 0.000939963607328
575.0 150.0 0.000627620232796
575.0 175.0 0.000601415063168
575.0 200.0 0.000613727835401
575.0 225.0 0.000941185302197
575.0 250.0 0.000712666419298
600.0 150.0 0.000869144405234
600.0 175.0 0.000749291587287
600.0 200.0 0.000692266235668
600.0 225.0 0.000744236505132
600.0 250.0 0.000895774072945
625.0 125.0 0.000682882287814
625.0 150.0 0.000928139217395
625.0 175.0 0.000772830368773
625.0 200.0 0.000635018089883
625.0 225.0 0.000728052831964
625.0 250.0 0.000740455838663
650.0 125.0 0.000884751793721
650.0 150.0 0.000586571601632
650.0 175.0 0.000777730917569
650.0 200.0 0.000638273229976
650.0 225.0 0.000848849424176
650.0 250.0 0.00102834326562
675.0 125.0 0.000895997593368
675.0 150.0 0.00100372151794
675.0 175.0 0.00059821781379
675.0 200.0 0.000904287200976
675.0 225.0 0.000698149771399
675.0 250.0 0.000672619980279
700.0 100.0 0.000800331575171
700.0 125.0 0.00064980860542
700.0 150.0 0.000825820224962
700.0 175.0 0.000652515298487
700.0 200.0 0.000416034013042
700.0 225.0 0.000853889906538
700.0 250.0 0.000827169096934
750.0 100.0 0.00081659724443
750.0 125.0 0.00103986037652
750.0 150.0 0.000784614902241
750.0 175.0 0.000773657763663
750.0 200.0 0.00104900705144
750.0 225.0 0.000845088751685
750.0 250.0 0.000779755267831
800.0 100.0 0.000744006622273
800.0 125.0 0.000911648028412
800.0 150.0 0.00056523079268
800.0 175.0 0.000579781312904
800.0 200.0 0.000953911673268
800.0 225.0 0.000745242285857
800.0 250.0 0.00055626159692
