#MA5 EffMap for txName: TGN , Analysis: cms_sus_13_012 , SR: 6NJet8_500HT800_200MHT300
1000   120   0.0001717
1000   150   0.0002037
1000   180   0.0002112
1000   1   0.0001604
1000   210   0.0001431
1000   240   0.0001261
1000   270   0.0003369
1000   300   0.0003032
1000   30   0.0002410
1000   330   0.0002129
1000   360   0.0002419
1000   390   0.0001898
1000   420   0.0002890
1000   450   0.0002815
1000   480   0.0002982
1000   510   0.0002897
1000   540   0.0002014
1000   570   0.0003171
1000   600   0.0001595
1000   60   0.0003440
1000   630   0.0003432
1000   660   0.0003140
1000   690   0.0002217
1000   720   0.0002622
1000   750   0.0001752
1000   780   0.0001147
1000   850   0.0000607
1000   900   0.0000936
1000   90   0.0001799
1000   940   0.0000500
1000   970   0.0000148
1000   980   0.0000146
1000   995   0.0000000
100   1   0.0001964
100   40   0.0000266
100   70   0.0001078
100   80   0.0001311
100   95   0.0000627
150   120   0.0001631
150   130   0.0000209
150   145   0.0000649
150   80   0.0000365
150   90   0.0001269
200   120   0.0000882
200   140   0.0000862
200   160   0.0000700
200   170   0.0000400
200   180   0.0000158
200   195   0.0000339
240   1   0.0002025
240   220   0.0000726
240   235   0.0000000
250   160   0.0001445
250   190   0.0000304
250   200   0.0000662
250   220   0.0001061
250   230   0.0000329
250   240   0.0000792
250   245   0.0000410
280   1   0.0003676
280   260   0.0000443
280   275   0.0000246
280   30   0.0002209
280   60   0.0002744
300   150   0.0000714
300   200   0.0001777
300   240   0.0001535
300   270   0.0000884
300   280   0.0000746
300   295   0.0000504
320   1   0.0003115
320   300   0.0001956
320   30   0.0001793
320   315   0.0000000
320   60   0.0002891
320   90   0.0002118
350   200   0.0003345
350   250   0.0002520
350   280   0.0001439
350   290   0.0001210
350   320   0.0000500
350   330   0.0000228
350   345   0.0000503
360   120   0.0002856
360   1   0.0001768
360   30   0.0002075
360   340   0.0000626
360   355   0.0000000
360   60   0.0002238
360   90   0.0001962
400   120   0.0002245
400   150   0.0002667
400   180   0.0002545
400   1   0.0001623
400   250   0.0003002
400   300   0.0002217
400   30   0.0002062
400   320   0.0000548
400   340   0.0001033
400   360   0.0000409
400   370   0.0000674
400   380   0.0000556
400   395   0.0000159
400   60   0.0003241
400   90   0.0001895
440   120   0.0002377
440   150   0.0003912
440   180   0.0002373
440   210   0.0000943
440   240   0.0002325
440   270   0.0002515
440   300   0.0001535
440   330   0.0000982
440   360   0.0000494
440   390   0.0000717
440   90   0.0003315
450   300   0.0002248
450   350   0.0001526
450   390   0.0000884
450   420   0.0000364
480   120   0.0001885
480   150   0.0002433
480   180   0.0002037
480   210   0.0001513
480   240   0.0003048
480   270   0.0001547
480   300   0.0002461
480   30   0.0001434
480   330   0.0001213
480   360   0.0002268
480   390   0.0001030
480   420   0.0000549
480   60   0.0002953
480   90   0.0002883
500   350   0.0002018
500   400   0.0002145
500   440   0.0000417
500   470   0.0000000
50   1   0.0000602
50   30   0.0000362
50   40   0.0000257
50   45   0.0001595
520   120   0.0002737
520   150   0.0003678
520   180   0.0001839
520   210   0.0002205
520   240   0.0001908
520   270   0.0001965
520   300   0.0001727
520   30   0.0003319
520   330   0.0001912
520   360   0.0003009
520   390   0.0001542
520   420   0.0001708
520   450   0.0000218
520   60   0.0002029
520   90   0.0003000
550   400   0.0004040
550   450   0.0001120
550   490   0.0000498
550   520   0.0000496
560   120   0.0003494
560   150   0.0001818
560   180   0.0002548
560   210   0.0004016
560   240   0.0002371
560   270   0.0002041
560   300   0.0003477
560   30   0.0001824
560   330   0.0001797
560   360   0.0003227
560   390   0.0001433
560   420   0.0001176
560   450   0.0001704
560   480   0.0000912
560   510   0.0000656
560   60   0.0004020
560   90   0.0002441
600   120   0.0002744
600   150   0.0002811
600   180   0.0002384
600   210   0.0001744
600   240   0.0002629
600   270   0.0002974
600   300   0.0002353
600   30   0.0001093
600   330   0.0002027
600   360   0.0002215
600   390   0.0003393
600   420   0.0001663
600   450   0.0000834
600   480   0.0002139
600   500   0.0000801
600   510   0.0001170
600   540   0.0001359
600   570   0.0000813
600   60   0.0002239
600   90   0.0002221
640   120   0.0003545
640   150   0.0001634
640   180   0.0001910
640   210   0.0002615
640   240   0.0001781
640   270   0.0003552
640   300   0.0001602
640   30   0.0001792
640   330   0.0001749
640   360   0.0002131
640   390   0.0002974
640   420   0.0002029
640   450   0.0002128
640   480   0.0001811
640   510   0.0001685
640   540   0.0000228
640   570   0.0000509
640   60   0.0001550
640   90   0.0003476
650   500   0.0002860
650   550   0.0000233
650   590   0.0001338
650   620   0.0000461
680   120   0.0002110
680   150   0.0002225
680   180   0.0002136
680   210   0.0002380
680   240   0.0002350
680   270   0.0001394
680   300   0.0003417
680   30   0.0002913
680   330   0.0002079
680   360   0.0002404
680   390   0.0002512
680   420   0.0002679
680   450   0.0002543
680   480   0.0002005
680   510   0.0001285
680   540   0.0002030
680   570   0.0001282
680   600   0.0001310
680   60   0.0001828
680   630   0.0000415
680   90   0.0001537
700   550   0.0001425
700   600   0.0000997
700   640   0.0000743
700   670   0.0000352
720   120   0.0002199
720   150   0.0003846
720   180   0.0001747
720   1   0.0002718
720   210   0.0002664
720   240   0.0002402
720   270   0.0004006
720   300   0.0004355
720   30   0.0001601
720   330   0.0002642
720   360   0.0003119
720   390   0.0003685
720   420   0.0002276
720   450   0.0001961
720   480   0.0003103
720   60   0.0001846
720   700   0.0000759
720   715   0.0000439
720   90   0.0001449
750   600   0.0000974
750   650   0.0001438
750   680   0.0000498
750   690   0.0000858
750   720   0.0000176
750   730   0.0000222
750   745   0.0000000
760   120   0.0002295
760   150   0.0002465
760   180   0.0003184
760   1   0.0002437
760   210   0.0002307
760   240   0.0002563
760   270   0.0001672
760   300   0.0002718
760   30   0.0002754
760   330   0.0002755
760   360   0.0003707
760   390   0.0002103
760   420   0.0002379
760   450   0.0002112
760   480   0.0002620
760   510   0.0005156
760   540   0.0002158
760   60   0.0003275
760   740   0.0000160
760   755   0.0000287
760   90   0.0002466
800   120   0.0001958
800   150   0.0002323
800   180   0.0003461
800   1   0.0002585
800   210   0.0002814
800   240   0.0004095
800   270   0.0000936
800   300   0.0003127
800   30   0.0000894
800   330   0.0003305
800   360   0.0002645
800   390   0.0003358
800   420   0.0002157
800   450   0.0002338
800   480   0.0002006
800   510   0.0002997
800   540   0.0002689
800   570   0.0002182
800   60   0.0003007
800   650   0.0000937
800   700   0.0001356
800   720   0.0001339
800   740   0.0000461
800   760   0.0000000
800   770   0.0000156
800   780   0.0000429
800   795   0.0000167
800   90   0.0002295
840   120   0.0003842
840   150   0.0003856
840   180   0.0003598
840   1   0.0001771
840   210   0.0002938
840   240   0.0002237
840   270   0.0003747
840   300   0.0002770
840   30   0.0001294
840   330   0.0002425
840   360   0.0002627
840   390   0.0002505
840   420   0.0002385
840   450   0.0002744
840   480   0.0002003
840   510   0.0002740
840   540   0.0002826
840   570   0.0001551
840   600   0.0001634
840   60   0.0003145
840   820   0.0000000
840   835   0.0000000
840   90   0.0001784
850   700   0.0001588
850   750   0.0001285
850   760   0.0001004
850   790   0.0000507
850   800   0.0000336
850   820   0.0000431
850   830   0.0000764
850   845   0.0000154
880   120   0.0001909
880   150   0.0001985
880   180   0.0002075
880   1   0.0003300
880   210   0.0001256
880   240   0.0001390
880   270   0.0002533
880   300   0.0002246
880   30   0.0002911
880   330   0.0003048
880   360   0.0002448
880   390   0.0003259
880   420   0.0002296
880   450   0.0003095
880   480   0.0001914
880   510   0.0002780
880   540   0.0002537
880   570   0.0002903
880   600   0.0002155
880   60   0.0002582
880   630   0.0004162
880   660   0.0002860
880   860   0.0000158
880   875   0.0000000
880   90   0.0002096
900   750   0.0002483
900   800   0.0001335
900   840   0.0000385
900   870   0.0000339
900   880   0.0000000
900   895   0.0000439
920   120   0.0002335
920   150   0.0002145
920   180   0.0001806
920   1   0.0001664
920   210   0.0002408
920   240   0.0002021
920   270   0.0002162
920   300   0.0002029
920   30   0.0002039
920   330   0.0002241
920   360   0.0002375
920   390   0.0002667
920   420   0.0003233
920   450   0.0003524
920   480   0.0002033
920   510   0.0003274
920   540   0.0002764
920   570   0.0002455
920   600   0.0002147
920   60   0.0002123
920   630   0.0001894
920   660   0.0003210
920   690   0.0001937
920   900   0.0000146
920   90   0.0001654
920   915   0.0000000
950   800   0.0001288
950   850   0.0000532
950   890   0.0000728
950   920   0.0000000
950   930   0.0000438
950   945   0.0000000
960   120   0.0001651
960   150   0.0002950
960   180   0.0003212
960   1   0.0002399
960   210   0.0001311
960   240   0.0002107
960   270   0.0001811
960   300   0.0001393
960   30   0.0001777
960   330   0.0003158
960   360   0.0001866
960   390   0.0002274
960   420   0.0002619
960   450   0.0003255
960   480   0.0002270
960   510   0.0002126
960   540   0.0002953
960   570   0.0002755
960   600   0.0002849
960   60   0.0002171
960   630   0.0001633
960   660   0.0002123
960   690   0.0001707
960   720   0.0001718
960   90   0.0001320
960   940   0.0000145
960   955   0.0000327
