#MA5 EffMap for txName: TGN , Analysis: cms_sus_13_012 , SR: 8NJetinf_500HT800_200MHTinf
1000   120   0.0000429
1000   150   0.0000000
1000   180   0.0000000
1000   1   0.0000000
1000   210   0.0000000
1000   240   0.0000000
1000   270   0.0000000
1000   300   0.0000000
1000   30   0.0000000
1000   330   0.0000000
1000   360   0.0000000
1000   390   0.0000000
1000   420   0.0000000
1000   450   0.0000000
1000   480   0.0000000
1000   510   0.0000000
1000   540   0.0000000
1000   570   0.0000000
1000   600   0.0000000
1000   60   0.0000000
1000   630   0.0000000
1000   660   0.0000143
1000   690   0.0000000
1000   720   0.0000000
1000   750   0.0000146
1000   780   0.0000000
1000   850   0.0000202
1000   900   0.0000000
1000   90   0.0000000
1000   940   0.0000000
1000   970   0.0000000
1000   980   0.0000000
1000   995   0.0000000
100   1   0.0000000
100   40   0.0000000
100   70   0.0000000
100   80   0.0000000
100   95   0.0000000
150   120   0.0000000
150   130   0.0000000
150   145   0.0000000
150   80   0.0000000
150   90   0.0000000
200   120   0.0000000
200   140   0.0000000
200   160   0.0000000
200   170   0.0000000
200   180   0.0000000
200   195   0.0000000
240   1   0.0000000
240   220   0.0000000
240   235   0.0000000
250   160   0.0000000
250   190   0.0000000
250   200   0.0000000
250   220   0.0000000
250   230   0.0000000
250   240   0.0000000
250   245   0.0000000
280   1   0.0000000
280   260   0.0000000
280   275   0.0000246
280   30   0.0000000
280   60   0.0000000
300   150   0.0000000
300   200   0.0000000
300   240   0.0000000
300   270   0.0000000
300   280   0.0000000
300   295   0.0000000
320   1   0.0000000
320   300   0.0000000
320   30   0.0000000
320   315   0.0000000
320   60   0.0000000
320   90   0.0000000
350   200   0.0000152
350   250   0.0000000
350   280   0.0000000
350   290   0.0000000
350   320   0.0000000
350   330   0.0000000
350   345   0.0000000
360   120   0.0000000
360   1   0.0000000
360   30   0.0000000
360   340   0.0000000
360   355   0.0000000
360   60   0.0000000
360   90   0.0000178
400   120   0.0000000
400   150   0.0000000
400   180   0.0000000
400   1   0.0000000
400   250   0.0000000
400   300   0.0000222
400   30   0.0000000
400   320   0.0000000
400   340   0.0000000
400   360   0.0000000
400   370   0.0000000
400   380   0.0000000
400   395   0.0000000
400   60   0.0000000
400   90   0.0000000
440   120   0.0000000
440   150   0.0000000
440   180   0.0000000
440   210   0.0000000
440   240   0.0000233
440   270   0.0000000
440   300   0.0000000
440   330   0.0000000
440   360   0.0000000
440   390   0.0000000
440   90   0.0000000
450   300   0.0000187
450   350   0.0000000
450   390   0.0000000
450   420   0.0000000
480   120   0.0000000
480   150   0.0000000
480   180   0.0000000
480   210   0.0000138
480   240   0.0000000
480   270   0.0000000
480   300   0.0000000
480   30   0.0000287
480   330   0.0000000
480   360   0.0000000
480   390   0.0000000
480   420   0.0000000
480   60   0.0000134
480   90   0.0000192
500   350   0.0000000
500   400   0.0000000
500   440   0.0000000
500   470   0.0000000
50   1   0.0000000
50   30   0.0000000
50   40   0.0000000
50   45   0.0000199
520   120   0.0000000
520   150   0.0000000
520   180   0.0000000
520   210   0.0000138
520   240   0.0000000
520   270   0.0000000
520   300   0.0000000
520   30   0.0000000
520   330   0.0000174
520   360   0.0000602
520   390   0.0000000
520   420   0.0000213
520   450   0.0000000
520   60   0.0000000
520   90   0.0000000
550   400   0.0000000
550   450   0.0000000
550   490   0.0000000
550   520   0.0000000
560   120   0.0000000
560   150   0.0000000
560   180   0.0000000
560   210   0.0000000
560   240   0.0000000
560   270   0.0000000
560   300   0.0000000
560   30   0.0000000
560   330   0.0000000
560   360   0.0000000
560   390   0.0000000
560   420   0.0000000
560   450   0.0000170
560   480   0.0000000
560   510   0.0000000
560   60   0.0000000
560   90   0.0000000
600   120   0.0000000
600   150   0.0000000
600   180   0.0000000
600   210   0.0000000
600   240   0.0000000
600   270   0.0000000
600   300   0.0000000
600   30   0.0000219
600   330   0.0000169
600   360   0.0000138
600   390   0.0000000
600   420   0.0000000
600   450   0.0000000
600   480   0.0000000
600   500   0.0000000
600   510   0.0000000
600   540   0.0000000
600   570   0.0000000
600   60   0.0000000
600   90   0.0000000
640   120   0.0000000
640   150   0.0000000
640   180   0.0000000
640   210   0.0000000
640   240   0.0000000
640   270   0.0000000
640   300   0.0000000
640   30   0.0000000
640   330   0.0000000
640   360   0.0000000
640   390   0.0000149
640   420   0.0000169
640   450   0.0000000
640   480   0.0000139
640   510   0.0000000
640   540   0.0000000
640   570   0.0000000
640   60   0.0000000
640   90   0.0000217
650   500   0.0000318
650   550   0.0000000
650   590   0.0000000
650   620   0.0000000
680   120   0.0000000
680   150   0.0000000
680   180   0.0000000
680   210   0.0000000
680   240   0.0000000
680   270   0.0000000
680   300   0.0000000
680   30   0.0000000
680   330   0.0000000
680   360   0.0000000
680   390   0.0000000
680   420   0.0000206
680   450   0.0000000
680   480   0.0000000
680   510   0.0000000
680   540   0.0000000
680   570   0.0000000
680   600   0.0000000
680   60   0.0000000
680   630   0.0000000
680   90   0.0000171
700   550   0.0000000
700   600   0.0000000
700   640   0.0000000
700   670   0.0000000
720   120   0.0000000
720   150   0.0000000
720   180   0.0000000
720   1   0.0000000
720   210   0.0000000
720   240   0.0000000
720   270   0.0000000
720   300   0.0000000
720   30   0.0000000
720   330   0.0000000
720   360   0.0000164
720   390   0.0000295
720   420   0.0000000
720   450   0.0000000
720   480   0.0000194
720   60   0.0000000
720   700   0.0000000
720   715   0.0000000
720   90   0.0000000
750   600   0.0000000
750   650   0.0000000
750   680   0.0000000
750   690   0.0000000
750   720   0.0000000
750   730   0.0000000
750   745   0.0000000
760   120   0.0000000
760   150   0.0000137
760   180   0.0000000
760   1   0.0000135
760   210   0.0000154
760   240   0.0000151
760   270   0.0000304
760   300   0.0000000
760   30   0.0000000
760   330   0.0000000
760   360   0.0000000
760   390   0.0000000
760   420   0.0000000
760   450   0.0000000
760   480   0.0000000
760   510   0.0000000
760   540   0.0000144
760   60   0.0000182
760   740   0.0000000
760   755   0.0000000
760   90   0.0000137
800   120   0.0000000
800   150   0.0000000
800   180   0.0000000
800   1   0.0000000
800   210   0.0000000
800   240   0.0000000
800   270   0.0000000
800   300   0.0000261
800   30   0.0000000
800   330   0.0000150
800   360   0.0000147
800   390   0.0000000
800   420   0.0000000
800   450   0.0000156
800   480   0.0000000
800   510   0.0000000
800   540   0.0000142
800   570   0.0000218
800   60   0.0000000
800   650   0.0000000
800   700   0.0000000
800   720   0.0000000
800   740   0.0000000
800   760   0.0000000
800   770   0.0000000
800   780   0.0000000
800   795   0.0000000
800   90   0.0000177
840   120   0.0000000
840   150   0.0000000
840   180   0.0000000
840   1   0.0000000
840   210   0.0000000
840   240   0.0000000
840   270   0.0000000
840   300   0.0000000
840   30   0.0000259
840   330   0.0000000
840   360   0.0000000
840   390   0.0000157
840   420   0.0000000
840   450   0.0000000
840   480   0.0000000
840   510   0.0000000
840   540   0.0000000
840   570   0.0000141
840   600   0.0000000
840   60   0.0000137
840   820   0.0000000
840   835   0.0000000
840   90   0.0000000
850   700   0.0000000
850   750   0.0000000
850   760   0.0000000
850   790   0.0000169
850   800   0.0000000
850   820   0.0000000
850   830   0.0000000
850   845   0.0000000
880   120   0.0000000
880   150   0.0000000
880   180   0.0000000
880   1   0.0000660
880   210   0.0000000
880   240   0.0000000
880   270   0.0000000
880   300   0.0000000
880   30   0.0000000
880   330   0.0000000
880   360   0.0000000
880   390   0.0000000
880   420   0.0000000
880   450   0.0000000
880   480   0.0000000
880   510   0.0000199
880   540   0.0000000
880   570   0.0000194
880   600   0.0000000
880   60   0.0000000
880   630   0.0000000
880   660   0.0000000
880   860   0.0000000
880   875   0.0000000
880   90   0.0000322
900   750   0.0000000
900   800   0.0000000
900   840   0.0000000
900   870   0.0000000
900   880   0.0000000
900   895   0.0000000
920   120   0.0000000
920   150   0.0000000
920   180   0.0000000
920   1   0.0000000
920   210   0.0000000
920   240   0.0000000
920   270   0.0000000
920   300   0.0000000
920   30   0.0000000
920   330   0.0000000
920   360   0.0000000
920   390   0.0000000
920   420   0.0000000
920   450   0.0000000
920   480   0.0000000
920   510   0.0000000
920   540   0.0000000
920   570   0.0000000
920   600   0.0000000
920   60   0.0000000
920   630   0.0000189
920   660   0.0000000
920   690   0.0000000
920   900   0.0000146
920   90   0.0000150
920   915   0.0000000
950   800   0.0000143
950   850   0.0000000
950   890   0.0000146
950   920   0.0000000
950   930   0.0000000
950   945   0.0000000
960   120   0.0000000
960   150   0.0000000
960   180   0.0000000
960   1   0.0000000
960   210   0.0000000
960   240   0.0000000
960   270   0.0000000
960   300   0.0000000
960   30   0.0000000
960   330   0.0000000
960   360   0.0000000
960   390   0.0000000
960   420   0.0000000
960   450   0.0000142
960   480   0.0000142
960   510   0.0000000
960   540   0.0000000
960   570   0.0000000
960   600   0.0000000
960   60   0.0000000
960   630   0.0000000
960   660   0.0000000
960   690   0.0000000
960   720   0.0000143
960   90   0.0000000
960   940   0.0000000
960   955   0.0000000
