#MA5 EffMap for txName: TGN , Analysis: cms_sus_13_012 , SR: 8NJetinf_800HT1000_200MHTinf
1000   120   0.0000000
1000   150   0.0000407
1000   180   0.0000282
1000   1   0.0000201
1000   210   0.0000286
1000   240   0.0000140
1000   270   0.0000000
1000   300   0.0000289
1000   30   0.0000000
1000   330   0.0000284
1000   360   0.0000000
1000   390   0.0000316
1000   420   0.0000000
1000   450   0.0000141
1000   480   0.0000426
1000   510   0.0000000
1000   540   0.0000144
1000   570   0.0000000
1000   600   0.0000355
1000   60   0.0000000
1000   630   0.0000229
1000   660   0.0000000
1000   690   0.0000000
1000   720   0.0000000
1000   750   0.0000000
1000   780   0.0000000
1000   850   0.0000000
1000   900   0.0000000
1000   90   0.0000225
1000   940   0.0000000
1000   970   0.0000000
1000   980   0.0000000
1000   995   0.0000000
100   1   0.0000327
100   40   0.0000000
100   70   0.0000180
100   80   0.0000000
100   95   0.0000000
150   120   0.0000000
150   130   0.0000000
150   145   0.0000000
150   80   0.0000000
150   90   0.0000000
200   120   0.0000000
200   140   0.0000000
200   160   0.0000140
200   170   0.0000000
200   180   0.0000000
200   195   0.0000000
240   1   0.0000000
240   220   0.0000000
240   235   0.0000000
250   160   0.0000000
250   190   0.0000000
250   200   0.0000000
250   220   0.0000000
250   230   0.0000000
250   240   0.0000198
250   245   0.0000000
280   1   0.0000000
280   260   0.0000000
280   275   0.0000000
280   30   0.0000000
280   60   0.0000366
300   150   0.0000178
300   200   0.0000137
300   240   0.0000000
300   270   0.0000221
300   280   0.0000000
300   295   0.0000000
320   1   0.0000000
320   300   0.0000000
320   30   0.0000138
320   315   0.0000000
320   60   0.0000131
320   90   0.0000000
350   200   0.0000152
350   250   0.0000000
350   280   0.0000000
350   290   0.0000000
350   320   0.0000000
350   330   0.0000000
350   345   0.0000000
360   120   0.0000000
360   1   0.0000000
360   30   0.0000259
360   340   0.0000000
360   355   0.0000000
360   60   0.0000000
360   90   0.0000000
400   120   0.0000204
400   150   0.0000000
400   180   0.0000000
400   1   0.0000203
400   250   0.0000188
400   300   0.0000000
400   30   0.0000137
400   320   0.0000000
400   340   0.0000207
400   360   0.0000136
400   370   0.0000000
400   380   0.0000000
400   395   0.0000000
400   60   0.0000000
400   90   0.0000000
440   120   0.0000000
440   150   0.0000206
440   180   0.0000000
440   210   0.0000236
440   240   0.0000000
440   270   0.0000000
440   300   0.0000512
440   330   0.0000164
440   360   0.0000000
440   390   0.0000000
440   90   0.0000000
450   300   0.0000375
450   350   0.0000139
450   390   0.0000000
450   420   0.0000000
480   120   0.0000145
480   150   0.0000324
480   180   0.0000146
480   210   0.0000413
480   240   0.0000381
480   270   0.0000000
480   300   0.0000000
480   30   0.0000000
480   330   0.0000000
480   360   0.0000000
480   390   0.0000000
480   420   0.0000000
480   60   0.0000134
480   90   0.0000000
500   350   0.0000000
500   400   0.0000195
500   440   0.0000000
500   470   0.0000000
50   1   0.0000000
50   30   0.0000000
50   40   0.0000000
50   45   0.0000199
520   120   0.0000000
520   150   0.0000141
520   180   0.0000334
520   210   0.0000138
520   240   0.0000000
520   270   0.0000000
520   300   0.0000000
520   30   0.0000000
520   330   0.0000000
520   360   0.0000602
520   390   0.0000000
520   420   0.0000213
520   450   0.0000000
520   60   0.0000184
520   90   0.0000188
550   400   0.0000000
550   450   0.0000224
550   490   0.0000000
550   520   0.0000000
560   120   0.0000140
560   150   0.0000000
560   180   0.0000000
560   210   0.0000000
560   240   0.0000000
560   270   0.0000000
560   300   0.0000158
560   30   0.0000000
560   330   0.0000359
560   360   0.0000000
560   390   0.0000287
560   420   0.0000000
560   450   0.0000000
560   480   0.0000182
560   510   0.0000000
560   60   0.0000000
560   90   0.0000732
600   120   0.0000323
600   150   0.0000000
600   180   0.0000000
600   210   0.0000000
600   240   0.0000000
600   270   0.0000175
600   300   0.0000000
600   30   0.0000219
600   330   0.0000000
600   360   0.0000000
600   390   0.0000000
600   420   0.0000302
600   450   0.0000000
600   480   0.0000000
600   500   0.0000000
600   510   0.0000146
600   540   0.0000000
600   570   0.0000000
600   60   0.0000140
600   90   0.0000000
640   120   0.0000148
640   150   0.0000149
640   180   0.0000000
640   210   0.0000145
640   240   0.0000137
640   270   0.0000000
640   300   0.0000320
640   30   0.0000256
640   330   0.0000175
640   360   0.0000000
640   390   0.0000149
640   420   0.0000676
640   450   0.0000213
640   480   0.0000279
640   510   0.0000000
640   540   0.0000000
640   570   0.0000000
640   60   0.0000000
640   90   0.0000217
650   500   0.0000000
650   550   0.0000000
650   590   0.0000000
650   620   0.0000000
680   120   0.0000141
680   150   0.0000417
680   180   0.0000305
680   210   0.0000159
680   240   0.0000362
680   270   0.0000232
680   300   0.0000142
680   30   0.0000000
680   330   0.0000000
680   360   0.0000141
680   390   0.0000140
680   420   0.0000412
680   450   0.0000141
680   480   0.0000143
680   510   0.0000214
680   540   0.0000185
680   570   0.0000142
680   600   0.0000000
680   60   0.0000152
680   630   0.0000000
680   90   0.0000341
700   550   0.0000143
700   600   0.0000000
700   640   0.0000186
700   670   0.0000000
720   120   0.0000183
720   150   0.0000175
720   180   0.0000194
720   1   0.0000000
720   210   0.0000157
720   240   0.0000000
720   270   0.0000182
720   300   0.0000256
720   30   0.0000000
720   330   0.0000176
720   360   0.0000000
720   390   0.0000147
720   420   0.0000000
720   450   0.0000302
720   480   0.0000194
720   60   0.0000142
720   700   0.0000000
720   715   0.0000000
720   90   0.0000000
750   600   0.0000195
750   650   0.0000205
750   680   0.0000000
750   690   0.0000000
750   720   0.0000000
750   730   0.0000000
750   745   0.0000000
760   120   0.0000177
760   150   0.0000000
760   180   0.0000000
760   1   0.0000135
760   210   0.0000308
760   240   0.0000151
760   270   0.0000152
760   300   0.0000151
760   30   0.0000197
760   330   0.0000172
760   360   0.0000000
760   390   0.0000000
760   420   0.0000280
760   450   0.0000000
760   480   0.0000218
760   510   0.0000000
760   540   0.0000144
760   60   0.0000182
760   740   0.0000000
760   755   0.0000000
760   90   0.0000274
800   120   0.0000163
800   150   0.0000465
800   180   0.0000182
800   1   0.0000000
800   210   0.0000000
800   240   0.0000164
800   270   0.0000000
800   300   0.0000000
800   30   0.0000000
800   330   0.0000000
800   360   0.0000147
800   390   0.0000198
800   420   0.0000431
800   450   0.0000000
800   480   0.0000000
800   510   0.0000285
800   540   0.0000000
800   570   0.0000218
800   60   0.0000273
800   650   0.0000000
800   700   0.0000000
800   720   0.0000000
800   740   0.0000000
800   760   0.0000000
800   770   0.0000000
800   780   0.0000000
800   795   0.0000000
800   90   0.0000000
840   120   0.0000137
840   150   0.0000000
840   180   0.0000000
840   1   0.0000295
840   210   0.0000000
840   240   0.0000280
840   270   0.0000139
840   300   0.0000000
840   30   0.0000259
840   330   0.0000000
840   360   0.0000292
840   390   0.0000000
840   420   0.0000281
840   450   0.0000305
840   480   0.0000000
840   510   0.0000000
840   540   0.0000565
840   570   0.0000000
840   600   0.0000000
840   60   0.0000273
840   820   0.0000000
840   835   0.0000000
840   90   0.0000000
850   700   0.0000289
850   750   0.0000143
850   760   0.0000143
850   790   0.0000000
850   800   0.0000000
850   820   0.0000000
850   830   0.0000000
850   845   0.0000000
880   120   0.0000159
880   150   0.0000000
880   180   0.0000160
880   1   0.0000660
880   210   0.0000279
880   240   0.0000000
880   270   0.0000000
880   300   0.0000160
880   30   0.0000153
880   330   0.0000321
880   360   0.0000153
880   390   0.0000434
880   420   0.0000000
880   450   0.0000619
880   480   0.0000239
880   510   0.0000000
880   540   0.0000149
880   570   0.0000000
880   600   0.0000000
880   60   0.0000258
880   630   0.0000144
880   660   0.0000000
880   860   0.0000000
880   875   0.0000000
880   90   0.0000161
900   750   0.0000000
900   800   0.0000000
900   840   0.0000000
900   870   0.0000000
900   880   0.0000000
900   895   0.0000000
920   120   0.0000167
920   150   0.0000000
920   180   0.0000139
920   1   0.0000000
920   210   0.0000301
920   240   0.0000144
920   270   0.0000000
920   300   0.0000000
920   30   0.0000000
920   330   0.0000280
920   360   0.0000279
920   390   0.0000281
920   420   0.0000141
920   450   0.0000000
920   480   0.0000000
920   510   0.0000149
920   540   0.0000000
920   570   0.0000491
920   600   0.0000000
920   60   0.0000142
920   630   0.0000000
920   660   0.0000000
920   690   0.0000000
920   900   0.0000000
920   90   0.0000000
920   915   0.0000000
950   800   0.0000000
950   850   0.0000000
950   890   0.0000000
950   920   0.0000000
950   930   0.0000000
950   945   0.0000000
960   120   0.0000165
960   150   0.0000140
960   180   0.0000279
960   1   0.0000185
960   210   0.0000000
960   240   0.0000421
960   270   0.0000151
960   300   0.0000522
960   30   0.0000000
960   330   0.0000287
960   360   0.0000000
960   390   0.0000142
960   420   0.0000154
960   450   0.0000000
960   480   0.0000284
960   510   0.0000000
960   540   0.0000164
960   570   0.0000000
960   600   0.0000190
960   60   0.0000000
960   630   0.0000000
960   660   0.0000177
960   690   0.0000171
960   720   0.0000143
960   90   0.0000264
960   940   0.0000000
960   955   0.0000000
