# MassX , MassY , Eff*Acc  
1.0 1000.0 0.03710187
100.0 1000.0 0.03457188
150.0 1000.0 0.03284684
200.0 1000.0 0.03336059
250.0 1000.0 0.03043586
300.0 1000.0 0.0284862
350.0 1000.0 0.02603382
400.0 1000.0 0.02377771
450.0 1000.0 0.022132
500.0 1000.0 0.0161914
550.0 1000.0 0.0121548
600.0 1000.0 0.00707993
1.0 1050.0 0.04007187
100.0 1050.0 0.03771004
150.0 1050.0 0.03802448
200.0 1050.0 0.03538005
250.0 1050.0 0.0327915
300.0 1050.0 0.0296326
350.0 1050.0 0.0333
400.0 1050.0 0.02945008
450.0 1050.0 0.02489004
50.0 1050.0 0.03607472
500.0 1050.0 0.01836988
550.0 1050.0 0.0198702
1.0 1100.0 0.0435488
150.0 1100.0 0.03857984
250.0 1100.0 0.03460576
300.0 1100.0 0.03806845
350.0 1100.0 0.03425994
400.0 1100.0 0.03419424
450.0 1100.0 0.02600497
500.0 1100.0 0.02733867
550.0 1100.0 0.02015214
400.0 1150.0 0.03541552
450.0 1150.0 0.03297164
500.0 1150.0 0.03039392
550.0 1150.0 0.02761514
450.0 1200.0 0.03483291
500.0 1200.0 0.03458
550.0 1200.0 0.03071611
1.0 700.0 0.01282311
100.0 700.0 0.0112999
200.0 700.0 0.00887348
50.0 700.0 0.01137444
1.0 750.0 0.01670734
100.0 750.0 0.01487521
150.0 750.0 0.01501214
200.0 750.0 0.01139913
250.0 750.0 0.00896448
50.0 750.0 0.0175357
1.0 800.0 0.02087904
100.0 800.0 0.02084376
150.0 800.0 0.01747971
200.0 800.0 0.018095
250.0 800.0 0.01342878
300.0 800.0 0.01058798
350.0 800.0 0.0061045
50.0 800.0 0.02163504
1.0 850.0 0.02580516
100.0 850.0 0.02592303
150.0 850.0 0.0221695
200.0 850.0 0.02035377
250.0 850.0 0.01827014
300.0 850.0 0.01612
350.0 850.0 0.01269588
400.0 850.0 0.01038482
450.0 850.0 0.00606585
50.0 850.0 0.02457718
1.0 900.0 0.02980692
100.0 900.0 0.0265216
150.0 900.0 0.02544544
200.0 900.0 0.0267883
250.0 900.0 0.0226149
300.0 900.0 0.02100735
350.0 900.0 0.01710798
400.0 900.0 0.01297331
450.0 900.0 0.01016714
50.0 900.0 0.02804516
500.0 900.0 0.0087867
550.0 900.0 0.00518272
1.0 950.0 0.03161685
100.0 950.0 0.03218408
150.0 950.0 0.0299268
200.0 950.0 0.02776365
250.0 950.0 0.02642785
300.0 950.0 0.02483685
350.0 950.0 0.0220752
400.0 950.0 0.01850453
450.0 950.0 0.01574904
50.0 950.0 0.0327764
500.0 950.0 0.01217891
550.0 950.0 0.00670818
600.0 950.0 0.0043092
