# MassX , MassY , Eff*Acc  
1.0 1000.0 0.02054832
100.0 1000.0 0.01956145
150.0 1000.0 0.0194704
200.0 1000.0 0.0196893
250.0 1000.0 0.01959912
300.0 1000.0 0.01812734
350.0 1000.0 0.0172368
400.0 1000.0 0.01475362
450.0 1000.0 0.01603982
500.0 1000.0 0.01053536
550.0 1000.0 0.0087256
600.0 1000.0 0.00556104
1.0 1050.0 0.01990701
100.0 1050.0 0.02090592
150.0 1050.0 0.02192706
200.0 1050.0 0.01861307
250.0 1050.0 0.0203294
300.0 1050.0 0.02218942
350.0 1050.0 0.0213367
400.0 1050.0 0.016905
450.0 1050.0 0.01522689
50.0 1050.0 0.01946496
500.0 1050.0 0.01566459
550.0 1050.0 0.01277394
1.0 1100.0 0.0184458
150.0 1100.0 0.0196707
250.0 1100.0 0.02035488
300.0 1100.0 0.01745856
350.0 1100.0 0.0181566
400.0 1100.0 0.0185132
450.0 1100.0 0.01987453
500.0 1100.0 0.0166872
550.0 1100.0 0.0125244
400.0 1150.0 0.02152764
450.0 1150.0 0.0181764
500.0 1150.0 0.01890408
550.0 1150.0 0.01841936
450.0 1200.0 0.01778112
500.0 1200.0 0.0183084
550.0 1200.0 0.02064924
1.0 700.0 0.00897576
100.0 700.0 0.0081928
200.0 700.0 0.0051904
50.0 700.0 0.0079947
1.0 750.0 0.011528
100.0 750.0 0.0109682
150.0 750.0 0.00899862
200.0 750.0 0.00838154
250.0 750.0 0.00701376
50.0 750.0 0.00884616
1.0 800.0 0.01439136
100.0 800.0 0.01467101
150.0 800.0 0.01202606
200.0 800.0 0.01174218
250.0 800.0 0.01037493
300.0 800.0 0.00791945
350.0 800.0 0.0055872
50.0 800.0 0.01332504
1.0 850.0 0.0164854
100.0 850.0 0.01354876
150.0 850.0 0.01540298
200.0 850.0 0.01424133
250.0 850.0 0.01136315
300.0 850.0 0.0102573
350.0 850.0 0.00897664
400.0 850.0 0.0068706
450.0 850.0 0.00283626
50.0 850.0 0.01479765
1.0 900.0 0.017072
100.0 900.0 0.01656399
150.0 900.0 0.01610784
200.0 900.0 0.01601536
250.0 900.0 0.01503073
300.0 900.0 0.01349781
350.0 900.0 0.01295744
400.0 900.0 0.0102384
450.0 900.0 0.00684333
50.0 900.0 0.01753275
500.0 900.0 0.0038233
550.0 900.0 0.00177184
1.0 950.0 0.01877085
100.0 950.0 0.01807542
150.0 950.0 0.01764458
200.0 950.0 0.01884654
250.0 950.0 0.01682113
300.0 950.0 0.01490585
350.0 950.0 0.01574672
400.0 950.0 0.0121278
450.0 950.0 0.01028166
50.0 950.0 0.01917825
500.0 950.0 0.00789318
550.0 950.0 0.00439824
600.0 950.0 0.00270375
