#MA5 EffMap for txName: T6WW , Analysis: cms_sus_13_012 , SR: 6NJet8_500HT800_450MHTinf
1035    35   0.0000513
1035    70   0.0001819
1035    105   0.0001285
1035    140   0.0001041
1035    175   0.0001306
1035    210   0.0001563
1035    245   0.0001563
1035    280   0.0001310
1035    315   0.0002578
1035    350   0.0003885
1035    385   0.0002845
1035    420   0.0003873
1035    455   0.0007787
1035    490   0.0006508
1035    525   0.0007991
1035    560   0.0006474
1035    595   0.0008542
1035    630   0.0010206
1035    665   0.0008249
1035    700   0.0007810
1035    735   0.0006524
1035    770   0.0005416
1080    35   0.0000318
1080    70   0.0000000
1080    105   0.0000634
1080    140   0.0000313
1080    175   0.0000628
1080    210   0.0000630
1080    245   0.0001897
1080    280   0.0001267
1080    315   0.0001578
1080    350   0.0003468
1080    385   0.0003473
1080    420   0.0007504
1080    455   0.0005044
1080    490   0.0007851
1080    525   0.0006324
1080    560   0.0009427
1080    595   0.0009177
1080    630   0.0007284
1080    665   0.0010380
1080    700   0.0011308
1080    735   0.0006947
1080    770   0.0007528
1125    35   0.0000000
1125    70   0.0000257
1125    105   0.0000000
1125    140   0.0000260
1125    175   0.0000776
1125    210   0.0001296
1125    245   0.0001289
1125    280   0.0002080
1125    315   0.0001272
1125    350   0.0002601
1125    385   0.0003353
1125    420   0.0002342
1125    455   0.0003104
1125    490   0.0004154
1125    525   0.0005710
1125    560   0.0005993
1125    595   0.0005964
1125    630   0.0006397
1125    665   0.0008820
1125    700   0.0008560
1125    735   0.0011100
1125    770   0.0007458
1170    35   0.0000000
1170    70   0.0000318
1170    105   0.0000318
1170    140   0.0000318
1170    175   0.0000637
1170    210   0.0000950
1170    245   0.0000960
1170    280   0.0002242
1170    315   0.0001903
1170    350   0.0001269
1170    385   0.0002550
1170    420   0.0001593
1170    455   0.0000950
1170    490   0.0002548
1170    525   0.0003817
1170    560   0.0006649
1170    595   0.0007003
1170    630   0.0007364
1170    665   0.0008543
1170    700   0.0012032
1170    735   0.0009227
1170    770   0.0011306
135    35   0.0000000
180    35   0.0000000
180    70   0.0000000
225    35   0.0000000
225    70   0.0000000
225    105   0.0000000
225    140   0.0000000
270    35   0.0000000
270    70   0.0000326
270    105   0.0000000
270    140   0.0000000
270    175   0.0000000
315    35   0.0000000
315    70   0.0000000
315    105   0.0000000
315    140   0.0000000
315    175   0.0000000
315    210   0.0000000
360    35   0.0000000
360    70   0.0000000
360    105   0.0000000
360    140   0.0000456
360    175   0.0000000
360    210   0.0000000
360    245   0.0000000
360    280   0.0000000
405    35   0.0000000
405    70   0.0001243
405    105   0.0000000
405    140   0.0000411
405    175   0.0000000
405    210   0.0000825
405    245   0.0000000
405    280   0.0000000
405    315   0.0000000
450    35   0.0001295
450    70   0.0000000
450    105   0.0001273
450    140   0.0001275
450    175   0.0000851
450    210   0.0001294
450    245   0.0000000
450    280   0.0000432
450    315   0.0001268
450    350   0.0000000
495    35   0.0000000
495    70   0.0000480
495    105   0.0000000
495    140   0.0000470
495    175   0.0000474
495    210   0.0001902
495    245   0.0001423
495    280   0.0000947
495    315   0.0000473
495    350   0.0000952
495    385   0.0000000
540    35   0.0000929
540    70   0.0001848
540    105   0.0001391
540    140   0.0002315
540    175   0.0001863
540    210   0.0001407
540    245   0.0002308
540    280   0.0000923
540    315   0.0001879
540    350   0.0001884
540    385   0.0000000
540    420   0.0000465
540    455   0.0000934
585    35   0.0000376
585    70   0.0001504
585    105   0.0002269
585    140   0.0001123
585    175   0.0001879
585    210   0.0002637
585    245   0.0001898
585    280   0.0004906
585    315   0.0001120
585    350   0.0001509
585    385   0.0001516
585    420   0.0000374
585    455   0.0001126
585    490   0.0000745
630    35   0.0001470
630    70   0.0002241
630    105   0.0000372
630    140   0.0004418
630    175   0.0002955
630    210   0.0002587
630    245   0.0005146
630    280   0.0003345
630    315   0.0002236
630    350   0.0002628
630    385   0.0001474
630    420   0.0001121
630    455   0.0000369
630    490   0.0000753
630    525   0.0000747
675    35   0.0000262
675    70   0.0001821
675    105   0.0000261
675    140   0.0001301
675    175   0.0002861
675    210   0.0002334
675    245   0.0004967
675    280   0.0005723
675    315   0.0005176
675    350   0.0003140
675    385   0.0002871
675    420   0.0002348
675    455   0.0001816
675    490   0.0001293
675    525   0.0001040
675    560   0.0000261
675    595   0.0000263
720    35   0.0001154
720    70   0.0000691
720    105   0.0002523
720    140   0.0002529
720    175   0.0002761
720    210   0.0003233
720    245   0.0007406
720    280   0.0006055
720    315   0.0006486
720    350   0.0005083
720    385   0.0002784
720    420   0.0003696
720    455   0.0003927
720    490   0.0001863
720    525   0.0002080
720    560   0.0001858
720    595   0.0000694
720    630   0.0001387
765    35   0.0000902
765    70   0.0001352
765    105   0.0000445
765    140   0.0001792
765    175   0.0003131
765    210   0.0003969
765    245   0.0004912
765    280   0.0005360
765    315   0.0010585
765    350   0.0006200
765    385   0.0009899
765    420   0.0008531
765    455   0.0006697
765    490   0.0002678
765    525   0.0003142
765    560   0.0001799
765    595   0.0000895
765    630   0.0001793
765    665   0.0000000
810    35   0.0000370
810    70   0.0001113
810    105   0.0001469
810    140   0.0001466
810    175   0.0001107
810    210   0.0001489
810    245   0.0005894
810    280   0.0008836
810    315   0.0006237
810    350   0.0004808
810    385   0.0007008
810    420   0.0006982
810    455   0.0003744
810    490   0.0004019
810    525   0.0005146
810    560   0.0002225
810    595   0.0002937
810    630   0.0002583
810    665   0.0001466
810    700   0.0001836
855    35   0.0000751
855    70   0.0001006
855    105   0.0001513
855    140   0.0002021
855    175   0.0002523
855    210   0.0003002
855    245   0.0002252
855    280   0.0005030
855    315   0.0005798
855    350   0.0005299
855    385   0.0006779
855    420   0.0008490
855    455   0.0006740
855    490   0.0008536
855    525   0.0004776
855    560   0.0007025
855    595   0.0004782
855    630   0.0003007
855    665   0.0004265
855    700   0.0002034
855    735   0.0001005
855    770   0.0000504
900    35   0.0000430
900    70   0.0000856
900    105   0.0001061
900    140   0.0002582
900    175   0.0002149
900    210   0.0003051
900    245   0.0002792
900    280   0.0003846
900    315   0.0005558
900    350   0.0007567
900    385   0.0006435
900    420   0.0005846
900    455   0.0009418
900    490   0.0007721
900    525   0.0009264
900    560   0.0006454
900    595   0.0007321
900    630   0.0004715
900    665   0.0004276
900    700   0.0003039
900    735   0.0003231
900    770   0.0000865
945    35   0.0000000
945    70   0.0000484
945    105   0.0000726
945    140   0.0001465
945    175   0.0001210
945    210   0.0001449
945    245   0.0003375
945    280   0.0002657
945    315   0.0003626
945    350   0.0004862
945    385   0.0004359
945    420   0.0006549
945    455   0.0006802
945    490   0.0008004
945    525   0.0008304
945    560   0.0008538
945    595   0.0010411
945    630   0.0006545
945    665   0.0004813
945    700   0.0004354
945    735   0.0004144
945    770   0.0002928
990    35   0.0000333
990    70   0.0001666
990    105   0.0001329
990    140   0.0000670
990    175   0.0002671
990    210   0.0002015
990    245   0.0002323
990    280   0.0002961
990    315   0.0004711
990    350   0.0003040
990    385   0.0005635
990    420   0.0004998
990    455   0.0008017
990    490   0.0006965
990    525   0.0007687
990    560   0.0009355
990    595   0.0006020
990    630   0.0007418
990    665   0.0010682
990    700   0.0006257
990    735   0.0005340
990    770   0.0006637
