#MA5 EffMap for txName: T6bbWW , Analysis: cms_sus_13_012 , SR: 6NJet8_1250HT1500_450MHTinf
100.0    1   0.0000000
100.0    40.0   0.0000000
1000.0    1   0.0020377
1000.0    40.0   0.0035687
1000.0    80.0   0.0063508
1000.0    120.0   0.0101653
1000.0    160.0   0.0142379
1000.0    240.0   0.0108764
1000.0    280.0   0.0100215
1000.0    320.0   0.0088567
1000.0    360.0   0.0073790
1000.0    400.0   0.0059095
1000.0    440.0   0.0043282
1000.0    480.0   0.0031748
1000.0    520.0   0.0031164
1000.0    560.0   0.0015857
1000.0    600.0   0.0016671
1000.0    640.0   0.0011564
1000.0    680.0   0.0009377
150.0    120.0   0.0000000
150.0    1   0.0000000
150.0    40.0   0.0000000
150.0    80.0   0.0000000
200.0    120.0   0.0000000
200.0    160.0   0.0000000
200.0    1   0.0000151
200.0    40.0   0.0000000
200.0    80.0   0.0000000
250.0    120.0   0.0000161
250.0    160.0   0.0000000
250.0    200.0   0.0000165
250.0    1   0.0000161
250.0    40.0   0.0000161
250.0    80.0   0.0000484
300.0    80.0   0.0000336
300.0    120.0   0.0000168
300.0    160.0   0.0000168
300.0    200.0   0.0000000
300.0    240.0   0.0000685
300.0    1   0.0000000
300.0    40.0   0.0000000
350.0    80.0   0.0000696
350.0    120.0   0.0000522
350.0    160.0   0.0000697
350.0    200.0   0.0000348
350.0    240.0   0.0000000
350.0    280.0   0.0000703
350.0    320.0   0.0000193
350.0    1   0.0000174
350.0    40.0   0.0000174
400.0    80.0   0.0001072
400.0    120.0   0.0000714
400.0    160.0   0.0001606
400.0    200.0   0.0000535
400.0    240.0   0.0000000
400.0    280.0   0.0000358
400.0    320.0   0.0000181
400.0    360.0   0.0000187
400.0    1   0.0000537
400.0    40.0   0.0001069
450.0    80.0   0.0001278
450.0    120.0   0.0001645
450.0    160.0   0.0000730
450.0    200.0   0.0001821
450.0    240.0   0.0001460
450.0    280.0   0.0001465
450.0    320.0   0.0001461
450.0    360.0   0.0001094
450.0    400.0   0.0000751
450.0    1   0.0001101
450.0    40.0   0.0001094
50.0    1   0.0000000
500.0    80.0   0.0003155
500.0    120.0   0.0002393
500.0    160.0   0.0002782
500.0    200.0   0.0003330
500.0    240.0   0.0002796
500.0    280.0   0.0001120
500.0    320.0   0.0001114
500.0    360.0   0.0001117
500.0    400.0   0.0001683
500.0    440.0   0.0000754
500.0    1   0.0002231
500.0    40.0   0.0002782
550.0    80.0   0.0005091
550.0    120.0   0.0005066
550.0    160.0   0.0004514
550.0    200.0   0.0003580
550.0    240.0   0.0004505
550.0    280.0   0.0002445
550.0    320.0   0.0002072
550.0    360.0   0.0001502
550.0    400.0   0.0000941
550.0    440.0   0.0001325
550.0    480.0   0.0000758
550.0    520.0   0.0000210
550.0    1   0.0002828
550.0    40.0   0.0002642
600.0    80.0   0.0008935
600.0    120.0   0.0007945
600.0    160.0   0.0006084
600.0    200.0   0.0006444
600.0    240.0   0.0005120
600.0    280.0   0.0005304
600.0    320.0   0.0003983
600.0    360.0   0.0003218
600.0    400.0   0.0002098
600.0    440.0   0.0001902
600.0    480.0   0.0000761
600.0    520.0   0.0000382
600.0    560.0   0.0000198
600.0    1   0.0004918
600.0    40.0   0.0006090
650.0    40.0   0.0011300
650.0    80.0   0.0010535
650.0    120.0   0.0014967
650.0    160.0   0.0013186
650.0    200.0   0.0011638
650.0    240.0   0.0008802
650.0    280.0   0.0007810
650.0    320.0   0.0006138
650.0    360.0   0.0004221
650.0    400.0   0.0003061
650.0    440.0   0.0002296
650.0    480.0   0.0002487
650.0    520.0   0.0000768
650.0    560.0   0.0002120
650.0    600.0   0.0000392
650.0    1   0.0005547
700.0    40.0   0.0016161
700.0    80.0   0.0014096
700.0    120.0   0.0019866
700.0    160.0   0.0014681
700.0    200.0   0.0016977
700.0    240.0   0.0017936
700.0    280.0   0.0011961
700.0    320.0   0.0012005
700.0    360.0   0.0006160
700.0    400.0   0.0005025
700.0    440.0   0.0005571
700.0    480.0   0.0003474
700.0    520.0   0.0005784
700.0    560.0   0.0002506
700.0    600.0   0.0001158
700.0    640.0   0.0000586
700.0    1   0.0008091
750.0    40.0   0.0020476
750.0    80.0   0.0024646
750.0    120.0   0.0032241
750.0    160.0   0.0032688
750.0    200.0   0.0021866
750.0    240.0   0.0024955
750.0    280.0   0.0018374
750.0    320.0   0.0015808
750.0    360.0   0.0010814
750.0    400.0   0.0010874
750.0    440.0   0.0005809
750.0    480.0   0.0003469
750.0    520.0   0.0003680
750.0    560.0   0.0003876
750.0    600.0   0.0004843
750.0    640.0   0.0003107
750.0    680.0   0.0001176
750.0    1   0.0014349
800.0    40.0   0.0022332
800.0    80.0   0.0034935
800.0    160.0   0.0041244
800.0    200.0   0.0037728
800.0    240.0   0.0034651
800.0    280.0   0.0030129
800.0    320.0   0.0023371
800.0    360.0   0.0012788
800.0    400.0   0.0011440
800.0    480.0   0.0008520
800.0    520.0   0.0004877
800.0    600.0   0.0003306
800.0    640.0   0.0001554
850.0    40.0   0.0022845
850.0    80.0   0.0042922
850.0    120.0   0.0055519
850.0    160.0   0.0058233
850.0    200.0   0.0055376
850.0    240.0   0.0045808
850.0    280.0   0.0034745
850.0    360.0   0.0023618
850.0    400.0   0.0020573
850.0    480.0   0.0009760
850.0    520.0   0.0009930
850.0    560.0   0.0005059
850.0    600.0   0.0005795
850.0    680.0   0.0003315
900.0    40.0   0.0028875
900.0    80.0   0.0036091
900.0    120.0   0.0074372
900.0    200.0   0.0078397
900.0    240.0   0.0063395
900.0    280.0   0.0058089
900.0    320.0   0.0043896
900.0    360.0   0.0037184
900.0    400.0   0.0028155
900.0    440.0   0.0020373
900.0    480.0   0.0013987
900.0    520.0   0.0010141
900.0    560.0   0.0008575
900.0    600.0   0.0007791
900.0    640.0   0.0005478
900.0    680.0   0.0004883
900.0    1   0.0021207
950.0    40.0   0.0025847
950.0    80.0   0.0048343
950.0    120.0   0.0078230
950.0    160.0   0.0096193
950.0    200.0   0.0096295
950.0    240.0   0.0090710
950.0    280.0   0.0080218
950.0    320.0   0.0071382
950.0    360.0   0.0048712
950.0    400.0   0.0036202
950.0    440.0   0.0028462
950.0    480.0   0.0022435
950.0    520.0   0.0017158
950.0    560.0   0.0011930
950.0    600.0   0.0010226
950.0    640.0   0.0005855
950.0    680.0   0.0007019
