#MA5 EffMap for txName: T6bbWW , Analysis: cms_sus_13_012 , SR: 6NJet8_500HT800_450MHTinf
100.0    1   0.0000000
100.0    40.0   0.0000000
1000.0    1   0.0000392
1000.0    40.0   0.0000195
1000.0    80.0   0.0001172
1000.0    120.0   0.0001363
1000.0    160.0   0.0000778
1000.0    240.0   0.0001960
1000.0    280.0   0.0001758
1000.0    320.0   0.0002939
1000.0    360.0   0.0005285
1000.0    400.0   0.0004908
1000.0    440.0   0.0005288
1000.0    480.0   0.0005291
1000.0    520.0   0.0006076
1000.0    560.0   0.0005286
1000.0    600.0   0.0004707
1000.0    640.0   0.0005096
1000.0    680.0   0.0003516
150.0    120.0   0.0000155
150.0    1   0.0000000
150.0    40.0   0.0000000
150.0    80.0   0.0000000
200.0    120.0   0.0000000
200.0    160.0   0.0000000
200.0    1   0.0000151
200.0    40.0   0.0000000
200.0    80.0   0.0000000
250.0    120.0   0.0000161
250.0    160.0   0.0000000
250.0    200.0   0.0000000
250.0    1   0.0000000
250.0    40.0   0.0000000
250.0    80.0   0.0000000
300.0    80.0   0.0000000
300.0    120.0   0.0000000
300.0    160.0   0.0000000
300.0    200.0   0.0000000
300.0    240.0   0.0000171
300.0    1   0.0000000
300.0    40.0   0.0000168
350.0    80.0   0.0000000
350.0    120.0   0.0000174
350.0    160.0   0.0000174
350.0    200.0   0.0000348
350.0    240.0   0.0000873
350.0    280.0   0.0000351
350.0    320.0   0.0000000
350.0    1   0.0000000
350.0    40.0   0.0000000
400.0    80.0   0.0000179
400.0    120.0   0.0000714
400.0    160.0   0.0001070
400.0    200.0   0.0000178
400.0    240.0   0.0000000
400.0    280.0   0.0001431
400.0    320.0   0.0000723
400.0    360.0   0.0000187
400.0    1   0.0000179
400.0    40.0   0.0000356
450.0    80.0   0.0000730
450.0    120.0   0.0001645
450.0    160.0   0.0001825
450.0    200.0   0.0001275
450.0    240.0   0.0000183
450.0    280.0   0.0000732
450.0    320.0   0.0000183
450.0    360.0   0.0000000
450.0    400.0   0.0000751
450.0    1   0.0000551
450.0    40.0   0.0000547
50.0    1   0.0000000
500.0    80.0   0.0000742
500.0    120.0   0.0000920
500.0    160.0   0.0002040
500.0    200.0   0.0000740
500.0    240.0   0.0001305
500.0    280.0   0.0000560
500.0    320.0   0.0001299
500.0    360.0   0.0001117
500.0    400.0   0.0000935
500.0    440.0   0.0000000
500.0    1   0.0000186
500.0    40.0   0.0000927
550.0    80.0   0.0001697
550.0    120.0   0.0001501
550.0    160.0   0.0001881
550.0    200.0   0.0000754
550.0    240.0   0.0001126
550.0    280.0   0.0001504
550.0    320.0   0.0001695
550.0    360.0   0.0000751
550.0    400.0   0.0001130
550.0    440.0   0.0001514
550.0    480.0   0.0000948
550.0    520.0   0.0000838
550.0    1   0.0000189
550.0    40.0   0.0001699
600.0    80.0   0.0000760
600.0    120.0   0.0002459
600.0    160.0   0.0005704
600.0    200.0   0.0004170
600.0    240.0   0.0002276
600.0    280.0   0.0002652
600.0    320.0   0.0003034
600.0    360.0   0.0002271
600.0    400.0   0.0001526
600.0    440.0   0.0000761
600.0    480.0   0.0000571
600.0    520.0   0.0000573
600.0    560.0   0.0000198
600.0    1   0.0000567
600.0    40.0   0.0001142
650.0    40.0   0.0001341
650.0    80.0   0.0001724
650.0    120.0   0.0002686
650.0    160.0   0.0003631
650.0    200.0   0.0004197
650.0    240.0   0.0005167
650.0    280.0   0.0005715
650.0    320.0   0.0001918
650.0    360.0   0.0002494
650.0    400.0   0.0002296
650.0    440.0   0.0002296
650.0    480.0   0.0002487
650.0    520.0   0.0002113
650.0    560.0   0.0000385
650.0    600.0   0.0000588
650.0    1   0.0000574
700.0    40.0   0.0000962
700.0    80.0   0.0001545
700.0    120.0   0.0003279
700.0    160.0   0.0003091
700.0    200.0   0.0003087
700.0    240.0   0.0005014
700.0    280.0   0.0005209
700.0    320.0   0.0004066
700.0    360.0   0.0004620
700.0    400.0   0.0003092
700.0    440.0   0.0002113
700.0    480.0   0.0002316
700.0    520.0   0.0001350
700.0    560.0   0.0002121
700.0    600.0   0.0001544
700.0    640.0   0.0001172
700.0    1   0.0001156
750.0    40.0   0.0002318
750.0    80.0   0.0002329
750.0    120.0   0.0003282
750.0    160.0   0.0003095
750.0    200.0   0.0004064
750.0    240.0   0.0004256
750.0    280.0   0.0005222
750.0    320.0   0.0005205
750.0    360.0   0.0005793
750.0    400.0   0.0002718
750.0    440.0   0.0003485
750.0    480.0   0.0004433
750.0    520.0   0.0003680
750.0    560.0   0.0001550
750.0    600.0   0.0003099
750.0    640.0   0.0000971
750.0    680.0   0.0001568
750.0    1   0.0000388
800.0    40.0   0.0001165
800.0    80.0   0.0001553
800.0    160.0   0.0003485
800.0    200.0   0.0002515
800.0    240.0   0.0003484
800.0    280.0   0.0005054
800.0    320.0   0.0005064
800.0    360.0   0.0004069
800.0    400.0   0.0007368
800.0    480.0   0.0005035
800.0    520.0   0.0005852
800.0    600.0   0.0003111
800.0    640.0   0.0001748
850.0    40.0   0.0000195
850.0    80.0   0.0000585
850.0    120.0   0.0001948
850.0    160.0   0.0002931
850.0    200.0   0.0002730
850.0    240.0   0.0005458
850.0    280.0   0.0003123
850.0    360.0   0.0006636
850.0    400.0   0.0005629
850.0    480.0   0.0003709
850.0    520.0   0.0005063
850.0    560.0   0.0006226
850.0    600.0   0.0003477
850.0    680.0   0.0002535
900.0    40.0   0.0000976
900.0    80.0   0.0000785
900.0    120.0   0.0000589
900.0    200.0   0.0002933
900.0    240.0   0.0003121
900.0    280.0   0.0003314
900.0    320.0   0.0003902
900.0    360.0   0.0006424
900.0    400.0   0.0007625
900.0    440.0   0.0006856
900.0    480.0   0.0007382
900.0    520.0   0.0005070
900.0    560.0   0.0003703
900.0    600.0   0.0003116
900.0    640.0   0.0003522
900.0    680.0   0.0002149
900.0    1   0.0000778
950.0    40.0   0.0000583
950.0    80.0   0.0000789
950.0    120.0   0.0001561
950.0    160.0   0.0001564
950.0    200.0   0.0002930
950.0    240.0   0.0001951
950.0    280.0   0.0002739
950.0    320.0   0.0005113
950.0    360.0   0.0002934
950.0    400.0   0.0007591
950.0    440.0   0.0005889
950.0    480.0   0.0006438
950.0    520.0   0.0005654
950.0    560.0   0.0006258
950.0    600.0   0.0002753
950.0    640.0   0.0006831
950.0    680.0   0.0003314
