#MA5 EffMap for txName: T6bbWW , Analysis: cms_sus_13_012 , SR: 6NJet8_1250HT1500_300MHT450
100.0    1   0.0000000
100.0    40.0   0.0000000
1000.0    1   0.0016067
1000.0    40.0   0.0043293
1000.0    80.0   0.0107865
1000.0    120.0   0.0139433
1000.0    160.0   0.0143157
1000.0    240.0   0.0068982
1000.0    280.0   0.0057238
1000.0    320.0   0.0036837
1000.0    360.0   0.0034448
1000.0    400.0   0.0030431
1000.0    440.0   0.0022327
1000.0    480.0   0.0015874
1000.0    520.0   0.0014308
1000.0    560.0   0.0012138
1000.0    600.0   0.0011572
1000.0    640.0   0.0006664
1000.0    680.0   0.0004103
150.0    120.0   0.0000155
150.0    1   0.0000139
150.0    40.0   0.0000000
150.0    80.0   0.0000000
200.0    120.0   0.0000152
200.0    160.0   0.0000000
200.0    1   0.0000000
200.0    40.0   0.0000151
200.0    80.0   0.0000303
250.0    120.0   0.0000000
250.0    160.0   0.0000485
250.0    200.0   0.0000000
250.0    1   0.0000322
250.0    40.0   0.0000482
250.0    80.0   0.0000161
300.0    80.0   0.0000672
300.0    120.0   0.0000168
300.0    160.0   0.0000335
300.0    200.0   0.0000338
300.0    240.0   0.0000343
300.0    1   0.0000670
300.0    40.0   0.0000840
350.0    80.0   0.0002088
350.0    120.0   0.0000870
350.0    160.0   0.0000697
350.0    200.0   0.0000696
350.0    240.0   0.0001048
350.0    280.0   0.0000000
350.0    320.0   0.0000000
350.0    1   0.0001046
350.0    40.0   0.0001742
400.0    80.0   0.0002858
400.0    120.0   0.0001963
400.0    160.0   0.0001427
400.0    200.0   0.0000535
400.0    240.0   0.0001251
400.0    280.0   0.0000179
400.0    320.0   0.0000542
400.0    360.0   0.0000187
400.0    1   0.0001790
400.0    40.0   0.0002850
450.0    80.0   0.0005293
450.0    120.0   0.0004020
450.0    160.0   0.0002008
450.0    200.0   0.0002003
450.0    240.0   0.0001095
450.0    280.0   0.0001282
450.0    320.0   0.0000913
450.0    360.0   0.0000000
450.0    400.0   0.0000188
450.0    1   0.0002569
450.0    40.0   0.0005104
50.0    1   0.0000000
500.0    80.0   0.0008350
500.0    120.0   0.0006074
500.0    160.0   0.0005192
500.0    200.0   0.0004071
500.0    240.0   0.0003169
500.0    280.0   0.0002614
500.0    320.0   0.0001670
500.0    360.0   0.0000745
500.0    400.0   0.0000187
500.0    440.0   0.0000189
500.0    1   0.0005576
500.0    40.0   0.0008718
550.0    80.0   0.0011312
550.0    120.0   0.0012383
550.0    160.0   0.0009968
550.0    200.0   0.0007536
550.0    240.0   0.0005256
550.0    280.0   0.0004137
550.0    320.0   0.0002825
550.0    360.0   0.0001314
550.0    400.0   0.0000377
550.0    440.0   0.0000379
550.0    480.0   0.0000379
550.0    520.0   0.0000000
550.0    1   0.0011688
550.0    40.0   0.0012079
600.0    80.0   0.0016729
600.0    120.0   0.0016079
600.0    160.0   0.0012549
600.0    200.0   0.0009476
600.0    240.0   0.0006827
600.0    280.0   0.0005872
600.0    320.0   0.0002655
600.0    360.0   0.0002650
600.0    400.0   0.0001717
600.0    440.0   0.0002092
600.0    480.0   0.0000190
600.0    520.0   0.0000573
600.0    560.0   0.0000198
600.0    1   0.0011349
600.0    40.0   0.0019032
650.0    40.0   0.0023558
650.0    80.0   0.0021453
650.0    120.0   0.0025521
650.0    160.0   0.0018727
650.0    200.0   0.0014499
650.0    240.0   0.0011481
650.0    280.0   0.0006477
650.0    320.0   0.0005371
650.0    360.0   0.0003453
650.0    400.0   0.0003061
650.0    440.0   0.0002105
650.0    480.0   0.0002105
650.0    520.0   0.0001152
650.0    560.0   0.0000578
650.0    600.0   0.0000000
650.0    1   0.0015494
700.0    40.0   0.0033283
700.0    80.0   0.0039779
700.0    120.0   0.0035296
700.0    160.0   0.0024726
700.0    200.0   0.0019485
700.0    240.0   0.0015622
700.0    280.0   0.0011189
700.0    320.0   0.0009487
700.0    360.0   0.0006545
700.0    400.0   0.0005218
700.0    440.0   0.0003266
700.0    480.0   0.0002123
700.0    520.0   0.0001157
700.0    560.0   0.0001542
700.0    600.0   0.0000965
700.0    640.0   0.0000391
700.0    1   0.0022155
750.0    40.0   0.0044430
750.0    80.0   0.0046963
750.0    120.0   0.0046720
750.0    160.0   0.0031914
750.0    200.0   0.0029606
750.0    240.0   0.0020699
750.0    280.0   0.0013732
750.0    320.0   0.0015229
750.0    360.0   0.0008304
750.0    400.0   0.0006214
750.0    440.0   0.0004841
750.0    480.0   0.0002506
750.0    520.0   0.0003293
750.0    560.0   0.0002326
750.0    600.0   0.0000581
750.0    640.0   0.0000388
750.0    680.0   0.0000196
750.0    1   0.0026372
800.0    40.0   0.0048353
800.0    80.0   0.0059390
800.0    160.0   0.0047053
800.0    200.0   0.0038308
800.0    240.0   0.0028844
800.0    280.0   0.0024880
800.0    320.0   0.0017918
800.0    360.0   0.0014920
800.0    400.0   0.0009889
800.0    480.0   0.0005616
800.0    520.0   0.0004096
800.0    600.0   0.0001944
800.0    640.0   0.0000194
850.0    40.0   0.0030460
850.0    80.0   0.0079210
850.0    120.0   0.0075194
850.0    160.0   0.0061946
850.0    200.0   0.0051476
850.0    240.0   0.0035867
850.0    280.0   0.0024009
850.0    360.0   0.0020299
850.0    400.0   0.0011645
850.0    480.0   0.0008198
850.0    520.0   0.0005257
850.0    560.0   0.0004864
850.0    600.0   0.0002704
850.0    680.0   0.0001755
900.0    40.0   0.0036289
900.0    80.0   0.0118473
900.0    120.0   0.0089482
900.0    200.0   0.0055327
900.0    240.0   0.0044084
900.0    280.0   0.0034892
900.0    320.0   0.0024191
900.0    360.0   0.0023362
900.0    400.0   0.0018966
900.0    440.0   0.0013321
900.0    480.0   0.0012238
900.0    520.0   0.0006241
900.0    560.0   0.0005651
900.0    600.0   0.0004090
900.0    640.0   0.0003522
900.0    680.0   0.0002735
900.0    1   0.0021207
950.0    40.0   0.0042366
950.0    80.0   0.0110302
950.0    120.0   0.0144170
950.0    160.0   0.0091696
950.0    200.0   0.0069535
950.0    240.0   0.0057352
950.0    280.0   0.0043435
950.0    320.0   0.0036969
950.0    360.0   0.0031105
950.0    400.0   0.0020437
950.0    440.0   0.0018058
950.0    480.0   0.0017558
950.0    520.0   0.0007799
950.0    560.0   0.0010365
950.0    600.0   0.0005310
950.0    640.0   0.0004099
950.0    680.0   0.0001950
