#MA5 EffMap for txName: T2 , Analysis: cms_sus_13_012 , SR: 3NJet6_1000HT1250_450MHT600
1000   120   0.0233540
1000   160   0.0228257
1000   1   0.0225238
1000   200   0.0236168
1000   240   0.0242230
1000   280   0.0237453
1000   320   0.0246263
1000   360   0.0246605
1000   400   0.0246540
1000   40   0.0235610
1000   440   0.0240425
1000   480   0.0237181
1000   520   0.0213324
1000   560   0.0190124
1000   600   0.0157426
1000   640   0.0116973
1000   680   0.0079122
1000   720   0.0055608
1000   760   0.0043681
1000   800   0.0029885
1000   80   0.0223356
1000   840   0.0021577
1000   880   0.0014983
1000   920   0.0007670
1000   960   0.0004682
1000   980   0.0002107
1000   995   0.0002665
100   1   0.0000000
100   40   0.0000000
100   80   0.0000063
100   95   0.0000000
1050   1000   0.0005415
1050   1030   0.0003705
1050   1045   0.0002840
1050   120   0.0225643
1050   160   0.0219560
1050   1   0.0225005
1050   200   0.0231663
1050   240   0.0225202
1050   280   0.0226027
1050   320   0.0223653
1050   360   0.0241958
1050   400   0.0240552
1050   40   0.0210563
1050   440   0.0240115
1050   480   0.0239382
1050   520   0.0233170
1050   560   0.0221138
1050   600   0.0189827
1050   640   0.0171820
1050   680   0.0133288
1050   720   0.0087215
1050   760   0.0062053
1050   800   0.0044621
1050   80   0.0223137
1050   840   0.0032072
1050   880   0.0025791
1050   920   0.0017148
1050   960   0.0006883
1100   1000   0.0009601
1100   1040   0.0005131
1100   1080   0.0003266
1100   1095   0.0003003
1100   120   0.0204224
1100   160   0.0207055
1100   1   0.0195843
1100   200   0.0216346
1100   240   0.0220930
1100   280   0.0220376
1100   320   0.0227203
1100   360   0.0232113
1100   400   0.0229380
1100   40   0.0208185
1100   440   0.0236846
1100   480   0.0243856
1100   520   0.0250494
1100   560   0.0244068
1100   600   0.0234371
1100   640   0.0208728
1100   680   0.0177653
1100   720   0.0137470
1100   760   0.0099224
1100   800   0.0066332
1100   80   0.0208689
1100   840   0.0047844
1100   880   0.0034387
1100   920   0.0026012
1100   960   0.0017999
1150   1000   0.0021150
1150   1040   0.0013181
1150   1080   0.0006759
1150   1120   0.0004281
1150   1130   0.0002733
1150   1145   0.0001540
1150   120   0.0193785
1150   160   0.0188679
1150   1   0.0186504
1150   200   0.0196781
1150   240   0.0206133
1150   280   0.0202074
1150   320   0.0207645
1150   360   0.0222711
1150   400   0.0210582
1150   40   0.0185622
1150   440   0.0231383
1150   480   0.0240441
1150   520   0.0250313
1150   560   0.0242879
1150   600   0.0253761
1150   640   0.0225489
1150   680   0.0214487
1150   720   0.0194078
1150   760   0.0150669
1150   800   0.0112743
1150   80   0.0188048
1150   840   0.0076305
1150   880   0.0052097
1150   920   0.0040585
1150   960   0.0028406
150   120   0.0000246
150   130   0.0000244
150   145   0.0000082
150   1   0.0000245
150   40   0.0000082
150   80   0.0000082
200   120   0.0000597
200   160   0.0000238
200   180   0.0000834
200   195   0.0000000
200   1   0.0000954
200   40   0.0000594
200   80   0.0000834
250   120   0.0000897
250   160   0.0001260
250   1   0.0001625
250   200   0.0001079
250   230   0.0000180
250   240   0.0000179
250   245   0.0000180
250   40   0.0002690
250   80   0.0001077
300   120   0.0002008
300   160   0.0002210
300   1   0.0004423
300   200   0.0002231
300   240   0.0001826
300   280   0.0000812
300   295   0.0000200
300   40   0.0004422
300   80   0.0002622
350   120   0.0007088
350   160   0.0005157
350   1   0.0008633
350   200   0.0003143
350   240   0.0004856
350   280   0.0002822
350   320   0.0000788
350   330   0.0000780
350   345   0.0000469
350   40   0.0007509
350   80   0.0006117
400   120   0.0010843
400   160   0.0009343
400   1   0.0015935
400   200   0.0007788
400   240   0.0006336
400   280   0.0004675
400   320   0.0003956
400   360   0.0001562
400   380   0.0001040
400   395   0.0000517
400   40   0.0017101
400   80   0.0014612
450   120   0.0020476
450   160   0.0022663
450   1   0.0030577
450   200   0.0013523
450   240   0.0010766
450   280   0.0008969
450   320   0.0007291
450   360   0.0005554
450   400   0.0002775
450   40   0.0028973
450   430   0.0001840
450   440   0.0001234
450   445   0.0001399
450   80   0.0028818
500   120   0.0041112
500   160   0.0033256
500   1   0.0052227
500   200   0.0027891
500   240   0.0019074
500   280   0.0014798
500   320   0.0012669
500   360   0.0010003
500   400   0.0005548
500   40   0.0054005
500   440   0.0003253
500   480   0.0002215
500   495   0.0001162
500   80   0.0047399
50   1   0.0000056
50   30   0.0000000
50   40   0.0000000
50   45   0.0000000
550   120   0.0071951
550   160   0.0057504
550   1   0.0089423
550   200   0.0047959
550   240   0.0033325
550   280   0.0026686
550   320   0.0018333
550   360   0.0014869
550   400   0.0010784
550   40   0.0086538
550   440   0.0008182
550   480   0.0005282
550   520   0.0003045
550   530   0.0001293
550   545   0.0001877
550   80   0.0086089
600   120   0.0115712
600   160   0.0097527
600   1   0.0129252
600   200   0.0078977
600   240   0.0063500
600   280   0.0043950
600   320   0.0034172
600   360   0.0024037
600   400   0.0016721
600   40   0.0128128
600   440   0.0013329
600   480   0.0010389
600   520   0.0005889
600   560   0.0003357
600   580   0.0002688
600   595   0.0001826
600   80   0.0128324
650   120   0.0154696
650   160   0.0142287
650   1   0.0168273
650   200   0.0120968
650   240   0.0096646
650   280   0.0071523
650   320   0.0053914
650   360   0.0041343
650   400   0.0029466
650   40   0.0166670
650   440   0.0021488
650   480   0.0017559
650   520   0.0010640
650   560   0.0008204
650   600   0.0002956
650   630   0.0003143
650   640   0.0002969
650   645   0.0002282
650   80   0.0160474
700   120   0.0188570
700   160   0.0184811
700   1   0.0190737
700   200   0.0153128
700   240   0.0149022
700   280   0.0116327
700   320   0.0089761
700   360   0.0067780
700   400   0.0051723
700   40   0.0200015
700   440   0.0038793
700   480   0.0029076
700   520   0.0016674
700   560   0.0015747
700   600   0.0009977
700   640   0.0005127
700   680   0.0002262
700   695   0.0001501
700   80   0.0199788
750   120   0.0218566
750   160   0.0213660
750   1   0.0229304
750   200   0.0199535
750   240   0.0190934
750   280   0.0164020
750   320   0.0134480
750   360   0.0109674
750   400   0.0079449
750   40   0.0224095
750   440   0.0060934
750   480   0.0037081
750   520   0.0030419
750   560   0.0020415
750   600   0.0017789
750   640   0.0011190
750   680   0.0004610
750   720   0.0002643
750   730   0.0002133
750   745   0.0002825
750   80   0.0221923
850   120   0.0241154
850   160   0.0232413
850   1   0.0238822
850   200   0.0234923
850   240   0.0228037
850   280   0.0224079
850   320   0.0215204
850   360   0.0195408
850   400   0.0175041
850   40   0.0241059
850   440   0.0150921
850   480   0.0108290
850   520   0.0072849
850   560   0.0052379
850   600   0.0038634
850   640   0.0029814
850   680   0.0022190
850   720   0.0015436
850   760   0.0008686
850   800   0.0004698
850   80   0.0235716
850   830   0.0002793
850   840   0.0002280
850   845   0.0002272
900   1   0.0245766
900   240   0.0243211
900   280   0.0259694
900   320   0.0235799
900   360   0.0227490
900   400   0.0210554
900   440   0.0190270
900   480   0.0154825
900   520   0.0115508
900   560   0.0093019
950   120   0.0233090
950   160   0.0237299
950   1   0.0236423
950   200   0.0239044
950   240   0.0253620
950   280   0.0243410
950   320   0.0247855
950   360   0.0240225
950   400   0.0243363
950   40   0.0232744
950   440   0.0217474
950   480   0.0199163
950   520   0.0171473
950   560   0.0140966
950   600   0.0109864
950   640   0.0072725
950   680   0.0049153
950   720   0.0035119
950   760   0.0023572
950   800   0.0018786
950   80   0.0236321
950   840   0.0013531
950   880   0.0005584
950   920   0.0003563
950   930   0.0003313
950   945   0.0002498
