#MA5 EffMap for txName: T6WW , Analysis: cms_sus_13_012 , SR: 3NJet6_1000HT1250_200MHT300
1035    105   0.0086760
1035    140   0.0095318
1035    35   0.0104454
1035    525   0.0110328
1035    560   0.0105929
1035    1   0.0058869
1035    595   0.0107672
1035    630   0.0096957
1035    665   0.0092506
1035    700   0.0081055
1035    735   0.0065950
1035    70   0.0102168
1035    770   0.0047642
1080    105   0.0079520
1080    140   0.0085183
1080    175   0.0084148
1080    210   0.0095095
1080    245   0.0081072
1080    280   0.0102134
1080    315   0.0090909
1080    350   0.0093145
1080    385   0.0098489
1080    35   0.0093155
1080    420   0.0104120
1080    455   0.0109135
1080    490   0.0107172
1080    525   0.0112108
1080    560   0.0107206
1080    1   0.0048428
1080    595   0.0108783
1080    630   0.0117746
1080    665   0.0094039
1080    700   0.0088258
1080    735   0.0084079
1080    70   0.0078092
1080    770   0.0073767
1125    105   0.0081558
1125    140   0.0079434
1125    175   0.0073257
1125    210   0.0075885
1125    245   0.0090606
1125    280   0.0082013
1125    315   0.0097080
1125    350   0.0099857
1125    385   0.0096712
1125    35   0.0085567
1125    420   0.0102915
1125    455   0.0109005
1125    490   0.0104745
1125    525   0.0115601
1125    560   0.0101774
1125    595   0.0121238
1125    630   0.0116900
1125    665   0.0107324
1125    700   0.0096586
1125    735   0.0097929
1125    70   0.0075957
1125    770   0.0086860
1170    105   0.0066064
1170    140   0.0072520
1170    175   0.0078181
1170    210   0.0082089
1170    245   0.0074267
1170    280   0.0077662
1170    315   0.0088068
1170    350   0.0088253
1170    385   0.0090114
1170    35   0.0071192
1170    420   0.0104843
1170    455   0.0094918
1170    490   0.0110101
1170    525   0.0103561
1170    560   0.0110963
1170    595   0.0111007
1170    630   0.0112257
1170    665   0.0118978
1170    700   0.0107910
1170    735   0.0098278
1170    70   0.0074417
1170    770   0.0098623
135    105   0.0000000
135    35   0.0000000
135    70   0.0001822
180    105   0.0000000
180    140   0.0000000
180    35   0.0000972
180    70   0.0001361
225    105   0.0003299
225    140   0.0002216
225    175   0.0000278
225    210   0.0000000
225    35   0.0003309
225    70   0.0001661
270    105   0.0006021
270    140   0.0002657
270    175   0.0001690
270    210   0.0001004
270    245   0.0000000
270    35   0.0008566
270    70   0.0009702
315    105   0.0008002
315    140   0.0010277
315    175   0.0004265
315    210   0.0003205
315    245   0.0002659
315    280   0.0000534
315    35   0.0015477
315    70   0.0015499
360    105   0.0024032
360    140   0.0013880
360    175   0.0013246
360    210   0.0008076
360    245   0.0003281
360    280   0.0001426
360    315   0.0000468
360    350   0.0000000
360    35   0.0029734
360    70   0.0023156
405    105   0.0036481
405    140   0.0026231
405    175   0.0023058
405    210   0.0014754
405    245   0.0008866
405    280   0.0005921
405    315   0.0002103
405    350   0.0001656
405    385   0.0001272
405    35   0.0042663
405    70   0.0041362
450    105   0.0053434
450    140   0.0045893
450    175   0.0033437
450    210   0.0026553
450    245   0.0016358
450    280   0.0012702
450    315   0.0006184
450    350   0.0002658
450    385   0.0001769
450    35   0.0059767
450    420   0.0000000
450    70   0.0052399
45    35   0.0000000
495    105   0.0069834
495    140   0.0057283
495    175   0.0053137
495    210   0.0046779
495    245   0.0031800
495    280   0.0019832
495    315   0.0014668
495    350   0.0007327
495    385   0.0004849
495    35   0.0077572
495    420   0.0002922
495    455   0.0000000
495    70   0.0059564
540    105   0.0080371
540    140   0.0076180
540    175   0.0067917
540    210   0.0062741
540    245   0.0052778
540    280   0.0034845
540    315   0.0026515
540    350   0.0023075
540    385   0.0013147
540    35   0.0084911
540    420   0.0007688
540    455   0.0000950
540    490   0.0001432
540    525   0.0000479
540    70   0.0086277
585    105   0.0091645
585    140   0.0081052
585    175   0.0086214
585    210   0.0081127
585    245   0.0069796
585    280   0.0061445
585    315   0.0049699
585    350   0.0034037
585    385   0.0020800
585    35   0.0093501
585    420   0.0014623
585    455   0.0005788
585    490   0.0003820
585    525   0.0001542
585    560   0.0001555
585    70   0.0085398
630    105   0.0088512
630    140   0.0105013
630    175   0.0087556
630    210   0.0083722
630    245   0.0080630
630    280   0.0077994
630    315   0.0074197
630    350   0.0048722
630    385   0.0041700
630    35   0.0121863
630    420   0.0025338
630    455   0.0019068
630    490   0.0007192
630    525   0.0004168
630    560   0.0001504
630    595   0.0000757
630    70   0.0097777
675    105   0.0098144
675    140   0.0101825
675    175   0.0103016
675    210   0.0098901
675    245   0.0087162
675    280   0.0081475
675    315   0.0078063
675    350   0.0076240
675    385   0.0055827
675    35   0.0111552
675    420   0.0039669
675    455   0.0028754
675    490   0.0012172
675    525   0.0007430
675    560   0.0006380
675    595   0.0001059
675    630   0.0001320
675    665   0.0000805
675    70   0.0105076
720    105   0.0107595
720    140   0.0106846
720    175   0.0103459
720    210   0.0100588
720    245   0.0104989
720    280   0.0098370
720    315   0.0093456
720    350   0.0083026
720    385   0.0069769
720    35   0.0128932
720    420   0.0068326
720    455   0.0046111
720    490   0.0032703
720    525   0.0018455
720    560   0.0009476
720    595   0.0006791
720    630   0.0001641
720    665   0.0000942
720    700   0.0000954
720    70   0.0108201
765    105   0.0110480
765    140   0.0105518
765    175   0.0095225
765    210   0.0108460
765    245   0.0099744
765    280   0.0098205
765    315   0.0090991
765    350   0.0095465
765    385   0.0097757
765    35   0.0116954
765    420   0.0068903
765    455   0.0057385
765    490   0.0049627
765    525   0.0033702
765    560   0.0023644
765    595   0.0015634
765    630   0.0007682
765    665   0.0005447
765    700   0.0000909
765    735   0.0000000
765    70   0.0112339
810    105   0.0111894
810    140   0.0105124
810    175   0.0113400
810    210   0.0111399
810    245   0.0102390
810    280   0.0112073
810    315   0.0117357
810    350   0.0097293
810    385   0.0095732
810    35   0.0118954
810    420   0.0098556
810    455   0.0080651
810    490   0.0064455
810    525   0.0050616
810    560   0.0040223
810    595   0.0021350
810    630   0.0010789
810    665   0.0007206
810    700   0.0003386
810    735   0.0000379
810    70   0.0099795
810    770   0.0001519
855    105   0.0113522
855    140   0.0103029
855    175   0.0115461
855    210   0.0108712
855    245   0.0113191
855    280   0.0113184
855    315   0.0105336
855    350   0.0114692
855    385   0.0109201
855    35   0.0126895
855    420   0.0099472
855    455   0.0101326
855    490   0.0087391
855    525   0.0079937
855    560   0.0064897
855    595   0.0045929
855    630   0.0027918
855    665   0.0018271
855    700   0.0010516
855    735   0.0005640
855    70   0.0104586
855    770   0.0001291
900    105   0.0110957
900    140   0.0113060
900    175   0.0106213
900    210   0.0104644
900    245   0.0104596
900    280   0.0109724
900    315   0.0114484
900    350   0.0124656
900    385   0.0106985
900    35   0.0110906
900    420   0.0100057
900    455   0.0094251
900    490   0.0101344
900    525   0.0096334
900    560   0.0081789
900    1   0.0108112
900    595   0.0066531
900    630   0.0052628
900    665   0.0031162
900    700   0.0021332
900    735   0.0010547
900    70   0.0103218
900    770   0.0005982
90    35   0.0000270
90    70   0.0000000
945    105   0.0086418
945    140   0.0103159
945    175   0.0107463
945    210   0.0108035
945    245   0.0106129
945    280   0.0109974
945    315   0.0117978
945    350   0.0114324
945    385   0.0116519
945    35   0.0108572
945    420   0.0115311
945    455   0.0115319
945    490   0.0108229
945    525   0.0096713
945    560   0.0088761
945    1   0.0089016
945    595   0.0079517
945    630   0.0071230
945    665   0.0058038
945    700   0.0036081
945    735   0.0025327
945    70   0.0103909
945    770   0.0016163
990    105   0.0083673
990    140   0.0090090
990    175   0.0101995
990    210   0.0098852
990    245   0.0101913
990    280   0.0109357
990    315   0.0106445
990    350   0.0111791
990    385   0.0112398
990    35   0.0102489
990    420   0.0113920
990    455   0.0108812
990    490   0.0115139
990    525   0.0104608
990    560   0.0114602
990    1   0.0069702
990    595   0.0093829
990    630   0.0079865
990    665   0.0075874
990    700   0.0050334
990    735   0.0041060
990    70   0.0086105
990    770   0.0022045
