# MassX , MassY , Eff*Acc  
125.0 12.5 0.0
525.0 12.5 0.0638349
625.0 12.5 0.07474752
725.0 12.5 0.07812187
825.0 12.5 0.08060507
225.0 62.5 0.003387054
675.0 62.5 0.07605584
775.0 62.5 0.08021348
875.0 62.5 0.08151
225.0 112.5 1.686705e-05
275.0 112.5 0.00504771
325.0 112.5 0.017446352
425.0 112.5 0.045849679
525.0 112.5 0.05941398
625.0 112.5 0.0687287
725.0 112.5 0.04894733
825.0 112.5 0.08042368
275.0 162.5 1.70565e-05
325.0 162.5 0.006655185
675.0 162.5 0.07130496
775.0 162.5 0.0770408
875.0 162.5 0.080948
325.0 212.5 6.34809e-05
375.0 212.5 0.006577515
425.0 212.5 0.021504228
525.0 212.5 0.047430334
625.0 212.5 0.06173892
825.0 212.5 0.07851228
375.0 262.5 8.415221e-05
425.0 262.5 0.006998328
475.0 262.5 0.022719964
575.0 262.5 0.04913136
675.0 262.5 0.06379878
775.0 262.5 0.07436072
875.0 262.5 0.07893018
425.0 312.5 9.258887e-05
525.0 312.5 0.023225598
625.0 312.5 0.04875868
825.0 312.5 0.07446319
475.0 362.5 9.0385811e-05
575.0 362.5 0.023323508
675.0 362.5 0.04825374
775.0 362.5 0.06585984
875.0 362.5 0.074664
875.0 387.5 0.0
