# MassX , MassY , Eff*Acc  
75.0 25.0 0.0
375.0 25.0 0.0008691546
425.0 25.0 0.001015577
525.0 25.0 0.001222859
575.0 25.0 0.0014902391
625.0 25.0 0.0015146056
725.0 25.0 0.0015132175
175.0 75.0 6.670188e-06
275.0 75.0 0.00022147668
375.0 75.0 0.000724282
475.0 75.0 0.0010793365
525.0 75.0 0.0011526054
575.0 75.0 0.0014861694
625.0 75.0 0.00144942
675.0 75.0 0.00151536
225.0 125.0 7.39986e-06
275.0 125.0 0.00013768363
375.0 125.0 0.0006190968
425.0 125.0 0.000834289
525.0 125.0 0.001321025
575.0 125.0 0.0014173855
625.0 125.0 0.0014849119
725.0 125.0 0.0016332697
275.0 175.0 8.418225e-06
325.0 175.0 0.000125552
375.0 175.0 0.0004494204
475.0 175.0 0.0009756799
525.0 175.0 0.0011905597
575.0 175.0 0.0012670245
625.0 175.0 0.0014511844
675.0 175.0 0.0014842363
375.0 225.0 0.00015509726
425.0 225.0 0.00047371958
525.0 225.0 0.0010667655
575.0 225.0 0.001243065
625.0 225.0 0.0014305709
725.0 225.0 0.001581832
375.0 275.0 1.3268718e-05
475.0 275.0 0.00059419965
525.0 275.0 0.0008465738
575.0 275.0 0.001147163
625.0 275.0 0.0011703066
675.0 275.0 0.0014789862
525.0 325.0 0.000594432
575.0 325.0 0.0007468448
625.0 325.0 0.0011161114
725.0 325.0 0.0014104295
475.0 375.0 3.0979424e-05
525.0 375.0 0.00023145785
575.0 375.0 0.00057521118
625.0 375.0 0.0007761237
675.0 375.0 0.0012357212
575.0 425.0 0.0002033072
625.0 425.0 0.000693469
725.0 425.0 0.0012194118
725.0 475.0 0.0
